27.70642280	27.61467933	-13.57798099
27.61467933	27.43119239	-13.94495391
27.52293586	27.06421852	-14.40366935
27.52293586	27.15596199	-15.04587078
27.70642280	27.15596199	-15.50458717
27.88990783	26.60550498	-15.77981758
27.88990783	26.51376152	-16.14678955
28.07339477	26.60550498	-16.33027458
28.16513824	26.33027458	-16.42201805
28.16513824	25.68807220	-16.60550308
28.25688171	25.59632873	-16.88073348
28.25688171	25.68807220	-16.88073348
28.34862518	25.77981567	-17.15596389
28.44036865	25.50458526	-16.88073348
28.16513824	25.50458526	-17.43119239
28.34862518	25.77981567	-17.24770736
28.25688171	25.77981567	-17.33945083
27.98165130	25.87155914	-17.52293586
28.16513824	25.68807220	-17.61467933
27.98165130	25.96330261	-17.61467933
28.16513824	25.77981567	-17.88990783
28.16513824	25.77981567	-17.88990783
28.16513824	25.68807220	-18.07339477
28.07339477	25.68807220	-17.98165130
27.88990783	25.68807220	-18.25687980
27.70642280	25.50458526	-18.53211021
28.16513824	25.50458526	-18.71559524
27.88990783	25.41284179	-18.44036674
28.07339477	25.59632873	-18.25687980
27.98165130	25.41284179	-18.34862327
27.79816436	25.41284179	-18.07339477
27.79816436	25.68807220	-18.44036674
27.70642280	25.41284179	-18.44036674
27.70642280	25.32110214	-18.34862327
27.88990783	25.32110214	-18.53211021
27.88990783	25.13761520	-18.53211021
27.79816436	25.41284179	-18.71559524
27.79816436	25.50458526	-18.80733871
27.70642280	25.41284179	-18.89908218
27.61467933	25.41284179	-18.71559524
27.61467933	25.32110214	-18.99082565
27.88990783	25.32110214	-18.80733871
27.52293586	25.04587173	-19.08256912
27.79816436	25.13761520	-19.08256912
27.52293586	25.41284179	-18.99082565
27.33944892	25.22935867	-19.35779762
27.43119239	25.13761520	-19.26605606
27.33944892	25.13761520	-19.26605606
27.33944892	25.32110214	-19.17431259
27.52293586	25.13761520	-19.35779762
27.24770545	24.86238479	-19.26605606
27.52293586	24.95412826	-19.54128456
27.33944892	25.22935867	-19.63302803
26.97247505	25.13761520	-19.63302803
27.52293586	24.95412826	-19.35779762
27.52293586	25.22935867	-19.26605606
27.70642280	25.22935867	-19.35779762
27.33944892	25.22935867	-19.26605606
27.70642280	25.13761520	-19.08256912
27.79816436	25.22935867	-18.99082565
27.43119239	25.41284179	-18.80733871
27.98165130	25.04587173	-19.08256912
28.07339477	25.22935867	-18.62385177
28.16513824	24.95412826	-18.89908218
29.35779762	23.85321044	-17.79816436
30.27522850	23.11926651	-17.33945083
31.46789169	21.83486175	-16.51376152
32.93577957	19.72477149	-15.41284465
34.49541473	17.24770736	-15.50458717
36.05504608	14.22018432	-15.22935771
37.70642089	11.19266033	-15.68807411
38.44036865	7.43119287	-15.68807411
39.26605606	3.85321121	-16.05504608
39.35779953	-0.27522935	-16.69724655
39.44954299	-4.86238527	-17.79816436
38.44036865	-9.08256816	-18.62385177
37.33944702	-13.57798099	-18.99082565
32.93577957	-21.55963325	-20.09174346
28.99082565	-25.04587173	-20.18348503
24.49541282	-28.16513824	-20.36697196
20.27522850	-30.55045890	-20.45871543
15.68807411	-32.75229263	-20.73394584
11.55963325	-34.49541473	-21.28440475
7.15596294	-35.77981567	-21.65137672
3.48623847	-35.96330261	-22.01834869
-0.18348623	-36.33027267	-22.75229454
-4.40366983	-35.68807220	-23.57798194
-8.99082565	-34.95412826	-24.22018432
-13.57798099	-33.02752304	-25.13761520
-17.24770736	-31.37614822	-25.68807220
-21.10091781	-25.68807220	-27.33944892
-28.25688171	-22.11009025	-27.33944892
-31.10091781	-17.98165130	-27.43119239
-33.21100616	-14.12844085	-27.15596199
-34.86238479	-10.82568836	-26.69724845
-35.68807220	-8.16513729	-26.51376152
-36.51375961	-5.77981662	-27.06421852
-35.96330261	-4.58715581	-27.24770545
-36.14678955	-4.86238527	-28.53210830
-35.59632873	-6.33027553	-29.54128456
-34.67890167	-8.34862327	-30.73394584
-33.76146697	-10.64220237	-31.37614822
-32.47706222	-13.94495391	-32.20183563
-30.55045890	-17.06422042	-33.21100616
-25.22935867	-24.22018432	-33.21100616
-21.37614631	-27.33944892	-33.48623657
-16.78899002	-30.27522850	-32.93577957
-11.19266033	-33.21100616	-32.56880569
-4.95412826	-34.86238479	-31.37614822
1.55963301	-35.41284561	-30.09174156
8.07339477	-34.95412826	-29.17431259
15.04587078	-33.30274963	-27.52293586
21.55963325	-30.18348503	-25.32110214
27.70642280	-25.77981567	-23.66972351
32.66054916	-21.00917434	-21.28440475
36.88073348	-14.49541282	-19.17431259
40.36697006	-6.60550451	-18.07339477
40.82568740	7.98165130	-14.31192588
38.16513824	13.76146793	-11.92660522
35.59632873	18.44036674	-12.20183563
32.75229263	22.20183372	-12.84403610
29.44954109	25.13761520	-14.40366935
26.05504608	28.44036865	-14.86238574
22.20183372	31.46789169	-16.33027458
18.25687980	33.11926651	-18.44036674
14.67889881	34.40367126	-20.00000000
10.45871543	35.41284561	-21.55963325
7.06422042	35.68807220	-23.57798194
3.02752304	35.96330261	-25.22935867
-1.92660560	35.32110214	-27.79816436
-5.50458717	34.03669738	-29.63302803
-15.96330261	29.26605606	-32.93577957
-19.63302803	26.42201805	-33.48623657
-22.20183372	24.22018432	-34.03669738
-24.31192779	22.20183372	-34.31192779
-25.41284179	20.18348503	-35.32110214
-26.23853111	18.34862327	-35.87155914
-27.15596199	16.14678955	-37.24770355
-27.79816436	13.94495391	-38.34862518
-27.79816436	12.20183563	-39.17431259
-28.44036865	10.73394489	-39.72476959
-28.44036865	10.27522945	-39.44954299
-28.99082565	10.36697292	-39.26605606
-29.17431259	11.19266033	-38.07339477
-29.26605606	12.56880760	-36.60550308
-29.90825843	17.43119239	-31.00917434
-29.35779762	20.00000000	-28.71559524
-27.33944892	23.94495391	-25.13761520
-24.49541282	27.43119239	-22.38532066
-21.00917434	30.91743087	-20.27522850
-17.15596389	33.66972351	-17.43119239
-12.84403610	35.68807220	-16.51376152
-8.34862327	37.43119049	-14.86238574
-3.76146769	38.44036865	-12.56880760
0.27522935	38.80733871	-9.90825653
3.76146769	38.71559524	-8.71559619
6.51376152	38.53211212	-8.25688076
8.99082565	37.88990783	-8.07339477
13.57798099	37.33944702	-7.52293539
14.77064228	36.88073348	-8.53211021
15.13761425	36.60550308	-9.08256816
14.95412921	36.51375961	-9.26605510
14.49541282	36.51375961	-10.45871543
14.12844085	36.14678955	-11.83486175
14.03669738	35.96330261	-13.57798099
13.66972446	36.23853302	-13.85321140
13.21100902	36.51375961	-14.22018432
13.39449596	36.33027267	-14.95412921
13.48623752	36.23853302	-15.13761425
13.57798099	36.23853302	-16.33027458
13.85321140	35.96330261	-17.24770736
14.49541282	36.23853302	-18.07339477
14.67889881	35.96330261	-18.89908218
14.67889881	36.33027267	-19.26605606
14.77064228	36.33027267	-19.26605606
13.85321140	36.33027267	-19.35779762
13.02752304	36.78899002	-19.35779762
12.38532161	36.97247695	-18.89908218
12.01834869	37.15596008	-17.98165130
12.20183563	37.33944702	-18.07339477
11.92660522	37.52293395	-17.33945083
12.11009216	37.98165130	-16.60550308
11.92660522	38.07339477	-16.05504608
12.29357814	38.16513824	-15.22935771
12.47706413	36.97247695	-15.59633064
12.47706413	36.88073348	-15.77981758
12.11009216	36.78899002	-15.68807411
11.55963325	36.78899002	-15.41284465
10.73394489	37.24770355	-15.13761425
10.09174251	37.06422042	-15.04587078
10.45871543	36.97247695	-15.22935771
11.28440380	36.78899002	-15.50458717
12.93577957	36.33027267	-16.42201805
13.85321140	35.77981567	-16.33027458
15.22935771	35.77981567	-15.87155914
16.51376152	35.22935867	-15.32110118
18.53211021	34.86238479	-15.59633064
19.72477149	34.12844085	-15.96330261
21.10091781	33.85321044	-15.32110118
22.84403800	32.20183563	-15.32110118
23.85321044	31.55963516	-14.95412921
24.03669738	31.28440475	-15.13761425
25.22935867	30.91743087	-14.86238574
25.96330261	30.45871543	-13.21100902
26.60550498	30.27522850	-11.83486175
27.15596199	29.90825843	-10.00000000
27.43119239	29.81651496	-9.26605510
27.70642280	29.35779762	-8.99082565
27.88990783	29.54128456	-8.99082565
27.79816436	29.81651496	-8.99082565
27.79816436	30.73394584	-8.62385368
27.33944892	29.54128456	-6.69724798
27.24770545	29.63302803	-6.60550451
27.15596199	29.72477149	-6.78899049
26.97247505	29.90825843	-6.51376152
26.88073539	29.90825843	-6.69724798
26.42201805	30.27522850	-5.87155961
26.23853111	29.81651496	-2.75229358
25.41284179	29.81651496	-1.65137615
24.86238479	30.18348503	-0.64220185
24.12844085	29.90825843	0.27522935
23.30275154	30.45871543	1.28440368
21.65137672	30.91743087	2.38532114
21.65137672	30.91743087	2.38532114
21.65137672	30.91743087	2.38532114
21.65137672	30.91743087	2.38532114
21.65137672	30.91743087	2.38532114
21.65137672	30.91743087	2.38532114
21.65137672	30.91743087	2.38532114
21.65137672	30.91743087	2.38532114
21.65137672	30.91743087	2.38532114
21.65137672	30.91743087	2.38532114
21.65137672	30.91743087	2.38532114
21.65137672	30.91743087	2.38532114
-1.55963301	36.78899002	-10.64220237
-1.19266057	37.15596008	-10.55045890
-0.45871558	37.15596008	-10.82568836
-0.36697247	36.88073348	-11.10091686
-0.55045871	37.06422042	-11.00917434
-0.18348623	37.33944702	-10.45871543
0.00000000	37.33944702	-9.90825653
1.28440368	36.97247695	-9.35779762
3.02752304	37.43119049	-7.98165130
4.31192684	37.61467742	-5.87155961
6.33027553	37.33944702	-3.76146769
8.89908218	36.78899002	-1.92660560
12.11009216	36.14678955	-0.82568807
15.96330261	35.04587173	-0.09174312
23.02752304	32.29357910	-1.10091745
25.77981567	31.00917434	-3.02752304
27.88990783	29.54128456	-4.86238527
29.72477149	27.98165130	-7.61467885
31.55963516	26.60550498	-10.36697292
32.66054916	25.68807220	-13.02752304
33.11926651	23.85321044	-16.60550308
33.57798004	22.93577957	-19.63302803
33.21100616	22.20183372	-22.93577957
32.38532257	21.37614631	-25.77981567
31.46789169	21.74311828	-27.88990783
30.27522850	21.65137672	-29.35779762
29.26605606	22.20183372	-30.55045890
28.16513824	22.75229454	-31.37614822
27.43119239	22.84403800	-31.37614822
26.51376152	23.48623847	-31.55963516
25.96330261	23.94495391	-31.46789169
26.51376152	24.67889976	-30.73394584
25.59632873	24.77064323	-30.91743087
24.40367126	25.41284179	-31.28440475
22.47706413	25.32110214	-33.30274963
19.90825653	26.05504608	-34.58715820
18.44036674	27.52293586	-34.31192779
17.24770736	30.09174156	-33.39449310
16.23853111	31.46789169	-31.19266128
15.32110118	32.75229263	-29.26605606
14.67889881	33.57798004	-27.61467933
12.20183563	35.32110214	-25.68807220
10.82568836	36.42201614	-24.58715629
9.54128456	37.52293395	-22.75229454
8.53211021	37.70642089	-20.91743087
8.16513729	39.08256912	-18.53211021
8.34862327	39.17431259	-16.42201805
8.89908218	39.44954299	-15.13761425
9.26605510	39.35779953	-14.12844085
9.72477054	39.35779953	-13.48623752
10.09174251	39.54128265	-13.02752304
10.09174251	39.63302612	-12.56880760
10.18348598	39.81651306	-11.74311923
10.36697292	39.63302612	-11.28440380
11.19266033	39.54128265	-10.73394489
12.20183563	39.26605606	-10.36697292
12.66055107	38.80733871	-9.90825653
13.48623752	38.53211212	-9.81651401
13.94495391	38.99082565	-9.63302803
14.77064228	38.80733871	-9.17431163
15.87155914	38.53211212	-9.08256816
16.60550308	38.53211212	-9.08256816
17.52293586	37.98165130	-9.08256816
18.34862327	37.70642089	-8.53211021
19.17431259	37.61467742	-8.34862327
19.35779762	37.43119049	-9.17431163
20.18348503	36.88073348	-9.17431163
21.46788978	35.68807220	-9.08256816
21.46788978	35.68807220	-9.08256816
21.46788978	35.68807220	-9.08256816
21.46788978	35.68807220	-9.08256816
21.46788978	35.68807220	-9.08256816
21.46788978	35.68807220	-9.08256816
24.67889976	30.82568931	-11.28440380
24.86238479	30.27522850	-10.91743087
24.86238479	30.73394584	-11.00917434
24.31192779	30.73394584	-11.10091686
24.03669738	31.00917434	-11.37614727
23.57798194	31.46789169	-11.74311923
23.11926651	31.46789169	-12.38532161
22.38532066	32.20183563	-12.38532161
22.20183372	32.29357910	-12.47706413
21.46788978	32.56880569	-11.92660522
19.72477149	33.39449310	-14.40366935
18.99082565	33.66972351	-14.58715629
16.60550308	34.67890167	-15.32110118
15.13761425	34.95412826	-15.59633064
13.76146793	35.68807220	-15.68807411
12.75229263	35.96330261	-15.50458717
13.02752304	36.05504608	-14.67889881
12.93577957	35.96330261	-13.66972446
13.85321140	35.77981567	-12.29357814
15.59633064	35.41284561	-10.45871543
18.07339477	34.77064132	-7.61467885
20.82568931	32.84403610	-4.31192684
23.30275154	30.82568931	-0.18348623
25.13761520	28.07339477	3.57798147
25.87155914	25.22935867	6.88073396
26.23853111	18.80733871	11.83486175
26.78899192	15.04587078	13.85321140
26.05504608	11.55963325	15.22935771
25.50458526	8.07339477	16.33027458
25.32110214	5.13761472	16.60550308
24.86238479	2.66055059	16.78899002
24.40367126	-0.18348623	16.88073348
24.77064323	-3.76146769	15.77981758
24.31192779	-7.43119287	14.58715629
24.03669738	-9.90825653	13.66972446
23.39449501	-12.75229263	12.47706413
22.84403800	-14.58715629	11.19266033
22.29357719	-16.97247695	9.90825653
21.92660522	-19.35779762	7.88990879
21.83486175	-20.82568931	6.14678907
22.11009025	-23.57798194	2.93577976
22.29357719	-25.22935867	0.27522935
23.11926651	-26.88073539	-3.11926603
23.30275154	-28.07339477	-6.88073396
22.93577957	-29.44954109	-10.82568836
23.21100997	-30.55045890	-15.41284465
23.21100997	-30.55045890	-15.41284465
21.37614631	-31.92660522	-23.57798194
19.81651306	-32.56880569	-26.69724845
19.35779762	-32.38532257	-28.53210830
18.16513633	-32.56880569	-30.45871543
17.88990783	-31.92660522	-33.11926651
14.86238574	-30.45871543	-36.97247695
13.94495391	-29.17431259	-39.54128265
11.28440380	-26.42201805	-43.94495391
9.63302803	-25.13761520	-46.23853302
6.88073396	-23.66972351	-47.98165130
4.40366983	-21.74311828	-49.81651306
2.01834869	-19.08256912	-51.65137481
-0.91743116	-16.23853111	-53.21100997
-4.22018337	-13.02752304	-54.12843704
-7.98165130	-9.90825653	-54.22018051
-10.73394489	-6.42201805	-54.31192398
-13.21100902	-2.47706413	-53.48624038
-15.87155914	0.91743116	-51.74311828
-18.25687980	4.49541282	-50.64220428
-20.09174346	7.79816532	-48.71559906
-21.65137672	11.83486175	-46.14678955
-23.21100997	16.42201805	-42.01834869
-23.76146697	17.61467933	-40.36697006
-24.22018432	17.98165130	-39.90825653
-24.40367126	17.79816436	-40.00000000
-24.40367126	16.42201805	-41.00917434
-23.94495391	15.32110118	-42.38532257
-22.56880760	13.30275249	-44.58715438
-20.55045890	10.64220237	-47.06422042
-17.43119239	6.69724798	-50.09174346
-14.40366935	2.93577976	-52.01834869
-11.10091686	-1.10091745	-53.76147079
-7.52293539	-5.04587125	-54.40366744
-2.93577976	-9.35779762	-54.31192398
1.92660560	-17.24770736	-51.00917053
14.12844085	-20.73394584	-46.88073348
20.55045890	-23.39449501	-41.19266128
26.60550498	-24.03669738	-33.02752304
31.92660522	-22.20183372	-24.31192779
36.51375961	-17.79816436	-16.05504608
38.99082565	-11.65137577	-10.82568836
40.27522659	-5.04587125	-7.24770641
40.09174346	0.91743116	-4.22018337
38.89908218	6.97247695	-1.55963301
37.06422042	11.28440380	-0.64220185
34.86238479	16.33027458	-0.55045871
32.38532257	20.91743087	-1.00917434
29.81651496	24.77064323	-2.56880736
24.86238479	30.18348503	-9.44954109
22.11009025	31.74311828	-13.66972446
19.90825653	32.11009216	-18.53211021
18.53211021	31.65137481	-24.03669738
17.06422042	29.54128456	-29.08256912
16.05504608	27.43119239	-33.30274963
15.22935771	24.67889976	-37.52293395
15.13761425	21.00917434	-41.28440475
15.13761425	17.15596389	-44.03669738
15.87155914	12.93577957	-46.33027648
16.23853111	8.34862327	-47.98165130
15.59633064	3.66972470	-49.90825653
15.96330261	0.82568807	-50.64220428
15.59633064	-1.37614679	-50.82568359
15.22935771	-1.28440368	-51.28440093
14.58715629	0.45871558	-51.37614440
13.94495391	2.66055059	-51.19265747
12.84403610	4.67889881	-52.47706222
12.84403610	7.61467885	-52.01834869
14.12844085	11.65137577	-50.27523040
12.84403610	17.43119239	-46.60550308
12.20183563	23.02752304	-41.74312210
10.82568836	28.62385177	-34.95412826
10.27522945	33.11926651	-27.43119239
10.82568836	35.68807220	-20.18348503
10.82568836	35.68807220	-20.18348503
10.82568836	35.68807220	-20.18348503
10.82568836	35.68807220	-20.18348503
10.82568836	35.68807220	-20.18348503
10.82568836	35.68807220	-20.18348503
10.82568836	35.68807220	-20.18348503
10.82568836	35.68807220	-20.18348503
10.82568836	35.68807220	-20.18348503
10.82568836	35.68807220	-20.18348503
10.82568836	35.68807220	-20.18348503
10.82568836	35.68807220	-20.18348503
10.82568836	35.68807220	-20.18348503
10.82568836	35.68807220	-20.18348503
10.82568836	35.68807220	-20.18348503
10.82568836	35.68807220	-20.18348503
10.82568836	35.68807220	-20.18348503
10.82568836	35.68807220	-20.18348503
10.82568836	35.68807220	-20.18348503
27.70642280	0.55045871	14.40366935
27.98165130	-1.65137615	13.57798099
29.17431259	-4.03669738	12.29357814
29.17431259	-4.03669738	12.29357814
28.99082565	-7.06422042	11.37614727
28.53210830	-8.16513729	11.55963325
27.52293586	-8.62385368	11.83486175
26.69724845	-9.17431163	12.29357814
26.69724845	-9.54128456	11.92660522
25.41284179	-10.36697292	12.01834869
24.86238479	-10.73394489	12.66055107
24.86238479	-10.00000000	12.47706413
24.40367126	-9.90825653	12.84403610
25.04587173	-9.63302803	13.39449596
25.50458526	-7.88990879	13.76146793
26.78899192	-5.59633016	13.48623752
28.71559524	-4.03669738	12.38532161
30.82568931	-3.39449524	9.81651401
33.85321044	-2.75229358	6.33027553
35.68807220	-2.11009168	2.66055059
37.52293395	-1.55963301	-0.91743116
38.71559524	-1.28440368	-5.13761472
39.44954299	-0.73394494	-9.35779762
39.72476959	-1.00917434	-17.06422042
39.44954299	-1.37614679	-20.09174346
39.44954299	-1.37614679	-20.09174346
37.98165130	-1.00917434	-26.42201805
37.24770355	-0.82568807	-28.16513824
37.24770355	-0.82568807	-28.16513824
37.24770355	-0.82568807	-28.16513824
37.24770355	-0.82568807	-28.16513824
37.24770355	-0.82568807	-28.16513824
37.24770355	-0.82568807	-28.16513824
23.85321044	11.46788978	-42.38532257
18.62385177	13.94495391	-44.86238479
11.46788978	16.33027458	-47.24770736
3.57798147	18.62385177	-48.44036865
-3.76146769	20.55045890	-47.70642089
-11.55963325	22.93577957	-45.41284561
-18.25687980	25.04587173	-40.00000000
-25.41284179	27.15596199	-29.63302803
-28.16513824	26.51376152	-25.59632873
-28.71559524	26.42201805	-19.81651306
-28.71559524	25.32110214	-15.59633064
-26.60550498	24.58715629	-7.70642232
-26.78899192	22.75229454	-6.51376152
-26.23853111	20.82568931	-1.92660560
-24.49541282	19.17431259	1.83486232
-23.30275154	17.52293586	4.40366983
-21.65137672	16.14678955	7.52293539
-19.54128456	15.04587078	8.71559619
-17.06422042	14.40366935	11.00917434
-14.03669738	14.49541282	12.84403610
-7.70642232	15.13761425	14.58715629
-4.40366983	15.96330261	15.59633064
-0.73394494	16.78899002	15.87155914
1.55963301	18.71559524	14.95412921
1.55963301	18.71559524	14.95412921
6.78899049	20.91743087	15.13761425
9.17431163	21.37614631	14.49541282
11.83486175	22.01834869	13.94495391
11.83486175	22.01834869	13.94495391
11.83486175	22.01834869	13.94495391
17.79816436	23.39449501	12.47706413
19.54128456	24.86238479	10.18348598
19.54128456	24.86238479	10.18348598
19.54128456	24.86238479	10.18348598
24.12844085	26.42201805	5.32110118
25.50458526	26.23853111	3.11926603
26.78899192	25.96330261	0.27522935
30.64220237	23.21100997	-6.78899049
31.92660522	21.37614631	-10.36697292
33.57798004	18.89908218	-14.12844085
34.40367126	16.33027458	-17.52293586
35.59632873	12.66055107	-20.73394584
36.51375961	8.71559619	-22.93577957
37.24770355	5.22935771	-23.94495391
38.07339477	2.84403686	-23.66972351
38.25688171	1.55963301	-23.48623847
38.25688171	1.55963301	-23.48623847
38.80733871	0.73394494	-23.11926651
38.25688171	1.65137615	-24.40367126
37.88990783	2.75229358	-25.22935867
36.97247695	5.87155961	-27.15596199
31.19266128	14.03669738	-31.65137481
27.61467933	17.43119239	-34.40367126
22.47706413	19.44954109	-37.61467742
16.60550308	21.28440475	-40.64220046
11.83486175	22.84403800	-42.01834869
8.53211021	24.03669738	-42.75229263
6.14678907	25.50458526	-42.20183563
4.67889881	26.97247505	-41.00917434
2.29357790	27.43119239	-40.91743087
0.18348623	27.70642280	-41.00917434
-3.48623847	27.43119239	-41.19266128
-8.16513729	27.06421852	-41.83486175
-12.47706413	26.14678955	-42.66054916
-16.14678955	24.86238479	-42.20183563
-22.11009025	22.47706413	-41.37614822
-24.86238479	21.92660522	-40.45871353
-26.78899192	20.55045890	-40.00000000
-27.52293586	20.64220237	-39.35779953
-27.70642280	21.19266128	-38.62385559
-28.07339477	20.45871543	-38.71559524
-27.70642280	20.18348503	-39.17431259
-27.52293586	19.81651306	-39.63302612
-27.15596199	19.44954109	-40.09174346
-27.06421852	19.08256912	-40.55045700
-27.06421852	18.53211021	-41.37614822
-26.97247505	18.71559524	-41.83486175
-26.78899192	18.99082565	-42.20183563
-25.50458526	18.62385177	-41.83486175
-25.22935867	17.98165130	-42.38532257
-25.22935867	17.52293586	-42.11009216
-25.04587173	17.88990783	-42.84403610
-24.67889976	17.61467933	-43.30275344
-24.12844085	17.15596389	-43.76146697
-23.30275154	17.06422042	-44.22018051
-22.66055107	17.06422042	-44.77064132
-22.47706413	16.69724655	-44.77064132
-22.56880760	16.14678955	-45.22935867
-22.47706413	16.05504608	-45.77981567
-22.20183372	15.87155914	-45.50458908
-21.65137672	16.14678955	-45.96330261
-21.65137672	16.51376152	-45.87155914
-21.92660522	15.87155914	-45.87155914
-21.37614631	16.05504608	-45.50458908
-21.37614631	15.96330261	-45.77981567
-21.46788978	15.50458717	-45.87155914
-22.11009025	16.14678955	-45.41284561
-22.01834869	16.88073348	-44.77064132
-21.65137672	16.60550308	-45.22935867
-21.19266128	17.43119239	-45.13761520
-20.45871543	17.79816436	-45.32110214
-19.44954109	17.79816436	-45.32110214
-19.44954109	17.79816436	-45.32110214
-16.88073348	20.00000000	-45.32110214
-16.51376152	20.64220237	-45.77981567
-16.42201805	21.37614631	-46.33027648
-15.96330261	21.83486175	-48.34862518
-13.39449596	23.39449501	-46.51375961
-10.09174251	25.50458526	-44.86238479
-5.87155961	26.88073539	-43.11926651
-2.11009168	28.53210830	-40.45871353
1.55963301	30.18348503	-38.07339477
4.49541282	31.10091781	-35.32110214
7.24770641	32.66054916	-32.56880569
9.90825653	33.48623657	-29.44954109
12.38532161	34.03669738	-26.05504608
14.58715629	34.22018432	-23.11926651
15.77981758	34.49541473	-20.27522850
16.69724655	35.04587173	-16.97247695
18.07339477	34.86238479	-10.18348598
18.71559524	34.31192779	-5.96330261
18.71559524	33.21100616	-2.01834869
18.16513633	32.56880569	1.10091745
18.07339477	31.65137481	4.49541282
17.15596389	29.63302803	7.79816532
15.68807411	28.34862518	10.91743087
14.03669738	26.42201805	13.11926555
11.65137577	24.58715629	14.95412921
9.54128456	22.29357719	16.60550308
7.52293539	20.09174346	18.16513633
4.22018337	18.71559524	18.62385177
0.36697247	17.52293586	18.71559524
-4.12844038	16.05504608	18.07339477
-12.38532161	11.83486175	15.59633064
-16.60550308	10.27522945	13.66972446
-20.82568931	9.72477054	10.82568836
-23.94495391	9.26605510	8.07339477
-25.77981567	9.54128456	6.14678907
-27.98165130	10.36697292	3.66972470
-29.17431259	11.74311923	1.10091745
-29.90825843	13.02752304	-0.27522935
-30.82568931	14.40366935	-2.11009168
-31.19266128	15.96330261	-4.77064228
-31.65137481	17.33945083	-6.51376152
-31.19266128	18.89908218	-7.70642232
-31.19266128	19.63302803	-8.53211021
-31.46789169	20.27522850	-8.99082565
-30.09174156	22.20183372	-9.44954109
-29.54128456	23.02752304	-9.17431163
-29.44954109	23.21100997	-9.08256816
-29.26605606	23.30275154	-8.53211021
-29.17431259	23.21100997	-7.70642232
-28.99082565	23.11926651	-6.97247695
-28.62385177	22.93577957	-6.23853206
-28.62385177	22.84403800	-5.04587125
-28.34862518	22.75229454	-4.58715581
-28.62385177	22.11009025	-4.31192684
-28.71559524	21.46788978	-3.76146769
-28.71559524	21.46788978	-3.76146769
-28.71559524	21.46788978	-3.76146769
-28.89908218	19.54128456	-1.83486232
-28.53210830	18.16513633	0.00000000
-28.34862518	17.33945083	0.36697247
-28.80733871	16.97247695	-0.09174312
-28.25688171	16.33027458	0.18348623
-27.79816436	15.59633064	0.73394494
-28.25688171	14.86238574	0.73394494
-29.17431259	14.58715629	0.00000000
-29.90825843	14.12844085	-1.10091745
-29.90825843	14.31192588	-1.28440368
-29.90825843	14.40366935	-1.83486232
-29.63302803	14.67889881	-1.37614679
-29.44954109	15.13761425	-1.74311923
-29.26605606	15.77981758	-1.83486232
-29.35779762	16.14678955	-2.01834869
-29.26605606	15.77981758	-1.10091745
-29.35779762	15.59633064	-0.73394494
-29.08256912	15.22935771	0.00000000
-29.44954109	14.67889881	0.55045871
-29.08256912	13.57798099	1.37614679
-29.08256912	11.92660522	2.38532114
-28.80733871	10.45871543	2.75229358
-29.35779762	9.26605510	2.75229358
-29.54128456	7.70642232	3.30275225
-30.09174156	5.87155961	2.93577976
-30.82568931	4.49541282	2.47706413
-31.65137481	3.21100902	1.37614679
-32.29357910	1.74311923	0.64220185
-33.11926651	1.37614679	-0.45871558
-33.57798004	0.45871558	-1.92660560
-33.85321044	-0.27522935	-2.84403686
-34.22018432	-1.92660560	-3.39449524
-34.03669738	-2.84403686	-4.22018337
-34.40367126	-2.84403686	-4.95412826
-35.13761520	-1.65137615	-6.05504608
-35.59632873	0.09174312	-6.33027553
-34.86238479	3.39449524	-4.31192684
-33.85321044	6.33027553	-2.01834869
-32.84403610	9.17431163	-0.82568807
-32.29357910	10.73394489	-0.36697247
-31.55963516	10.73394489	0.91743116
-30.55045890	10.73394489	2.01834869
-30.18348503	10.55045890	3.66972470
-28.44036865	10.64220237	7.70642232
-28.16513824	10.91743087	8.44036674
-27.52293586	10.45871543	9.17431163
-26.78899192	11.28440380	10.00000000
-26.14678955	13.57798099	10.09174251
-25.22935867	15.04587078	10.55045890
-23.85321044	17.52293586	10.27522945
-22.20183372	20.00000000	10.45871543
-20.18348503	22.47706413	10.45871543
-17.98165130	24.31192779	10.64220237
-16.05504608	24.67889976	11.55963325
-14.31192588	24.12844085	13.39449596
-12.20183563	23.48623847	14.86238574
-9.81651401	22.29357719	17.06422042
-9.81651401	22.29357719	17.06422042
-9.81651401	22.29357719	17.06422042
-9.81651401	22.29357719	17.06422042
-9.81651401	22.29357719	17.06422042
4.31192684	18.71559524	20.55045890
7.61467885	18.16513633	20.82568931
10.18348598	16.33027458	20.73394584
10.45871543	15.04587078	21.55963325
10.09174251	13.11926555	22.38532066
10.73394489	11.28440380	22.38532066
14.03669738	9.63302803	22.11009025
15.32110118	7.24770641	21.83486175
15.50458717	5.04587125	21.83486175
14.95412921	3.66972470	22.56880760
13.85321140	2.20183491	22.93577957
12.56880760	1.19266057	23.48623847
10.55045890	0.09174312	24.12844085
9.44954109	-0.09174312	24.22018432
8.80733966	-1.19266057	24.12844085
8.80733966	-2.47706413	24.31192779
8.71559619	-1.92660560	24.31192779
9.54128456	-0.91743116	24.12844085
10.73394489	-0.55045871	23.76146697
11.55963325	-1.00917434	23.85321044
12.01834869	-0.36697247	23.66972351
12.47706413	0.55045871	23.57798194
13.66972446	1.55963301	23.02752304
13.39449596	1.19266057	23.11926651
10.45871543	0.64220185	24.12844085
9.17431163	0.45871558	24.22018432
4.86238527	-0.91743116	25.04587173
3.11926603	-1.19266057	24.95412826
1.46788988	-0.64220185	24.95412826
-0.27522935	0.27522935	24.95412826
-2.29357790	0.82568807	24.86238479
-3.85321121	1.19266057	24.77064323
-5.68807363	1.55963301	24.49541282
-7.15596294	1.74311923	24.49541282
-9.08256816	2.11009168	23.85321044
-10.18348598	2.56880736	23.57798194
-11.19266033	2.56880736	23.02752304
-12.01834869	2.38532114	22.84403800
-12.56880760	2.75229358	22.84403800
-12.66055107	2.11009168	22.47706413
-11.55963325	5.04587125	22.93577957
-10.36697292	8.07339477	22.66055107
-10.36697292	8.07339477	22.66055107
-9.72477054	12.93577957	22.01834869
-8.62385368	12.11009216	22.11009025
-7.06422042	11.19266033	22.84403800
-5.68807363	10.45871543	23.48623847
-5.04587125	9.63302803	23.57798194
-4.95412826	9.26605510	23.76146697
-5.04587125	8.62385368	23.85321044
-5.50458717	8.80733966	23.66972351
-5.13761472	8.34862327	23.76146697
-5.50458717	7.70642232	23.85321044
-6.14678907	7.79816532	23.85321044
-7.43119287	8.25688076	23.30275154
-11.92660522	9.72477054	21.92660522
-14.77064228	10.27522945	20.64220237
-16.78899002	10.64220237	19.44954109
-18.80733871	10.18348598	18.89908218
-21.00917434	9.81651401	17.33945083
-22.84403800	9.08256816	15.87155914
-24.67889976	10.18348598	13.94495391
-25.59632873	10.64220237	12.75229263
-25.59632873	11.10091686	12.93577957
-25.41284179	12.56880760	12.47706413
-25.22935867	13.66972446	11.65137577
-25.59632873	15.41284465	10.73394489
-24.40367126	16.88073348	11.10091686
-23.21100997	17.61467933	11.10091686
-20.36697196	17.88990783	12.93577957
-18.16513633	16.69724655	14.95412921
-16.60550308	15.50458717	16.60550308
-14.77064228	13.57798099	17.79816436
-13.39449596	11.10091686	19.17431259
-12.66055107	9.17431163	19.63302803
-11.74311923	7.79816532	20.09174346
-11.28440380	7.61467885	20.36697196
-10.00000000	7.52293539	21.19266128
-8.07339477	6.42201805	22.29357719
-4.77064228	5.32110118	23.11926651
-1.37614679	4.12844038	23.85321044
2.01834869	3.30275225	24.03669738
4.67889881	2.20183491	24.31192779
10.45871543	0.45871558	23.66972351
12.66055107	-0.64220185	23.11926651
15.87155914	-1.83486232	22.11009025
19.35779762	-2.20183491	20.82568931
22.01834869	-3.21100902	18.80733871
23.76146697	-3.57798147	17.79816436
24.77064323	-3.39449524	17.24770736
26.60550498	-2.75229358	15.77981758
28.07339477	-1.74311923	14.58715629
29.35779762	-1.00917434	13.39449596
30.09174156	0.45871558	12.56880760
31.28440475	1.65137615	11.19266033
32.47706222	2.93577976	10.18348598
32.75229263	5.04587125	9.63302803
32.20183563	6.23853206	9.90825653
32.29357910	7.24770641	9.26605510
32.38532257	7.98165130	8.80733966
32.47706222	8.16513729	8.80733966
32.29357910	8.44036674	9.35779762
31.74311828	8.71559619	9.44954109
31.65137481	8.89908218	9.90825653
31.19266128	8.80733966	10.36697292
30.55045890	8.44036674	11.00917434
30.18348503	8.44036674	11.28440380
29.72477149	8.44036674	11.92660522
29.17431259	8.80733966	12.29357814
29.26605606	8.16513729	12.66055107
28.71559524	7.79816532	13.11926555
28.71559524	7.79816532	13.11926555
28.71559524	7.79816532	13.11926555
26.78899192	10.45871543	14.12844085
26.78899192	10.45871543	14.12844085
26.78899192	10.45871543	14.12844085
26.78899192	10.45871543	14.12844085
26.42201805	16.69724655	11.55963325
26.33027458	18.53211021	10.27522945
26.23853111	19.81651306	9.44954109
25.68807220	20.36697196	9.26605510
25.59632873	21.00917434	9.17431163
25.22935867	21.28440475	9.26605510
25.22935867	22.11009025	8.16513729
25.50458526	22.84403800	7.70642232
25.87155914	22.93577957	6.60550451
25.68807220	23.39449501	6.23853206
26.05504608	23.39449501	6.23853206
27.70642280	23.30275154	3.76146769
28.62385177	22.66055107	3.48623847
28.62385177	22.20183372	3.57798147
29.54128456	21.19266128	3.48623847
30.91743087	20.64220237	2.20183491
31.65137481	20.64220237	-0.09174312
32.47706222	22.11009025	-3.21100902
32.38532257	23.21100997	-6.33027553
31.55963516	24.40367126	-8.89908218
30.73394584	25.87155914	-10.82568836
29.72477149	26.97247505	-12.93577957
28.53210830	27.88990783	-14.77064228
27.43119239	28.89908218	-17.06422042
25.13761520	29.90825843	-21.55963325
22.84403800	30.55045890	-24.58715629
21.00917434	31.65137481	-25.41284179
19.63302803	32.29357910	-25.68807220
18.16513633	32.84403610	-26.05504608
16.33027458	33.85321044	-25.96330261
14.40366935	34.77064132	-25.96330261
12.84403610	35.22935867	-25.68807220
11.19266033	36.14678955	-24.77064323
9.72477054	36.60550308	-24.22018432
7.88990879	37.43119049	-23.02752304
6.60550451	38.16513824	-22.01834869
4.95412826	38.44036865	-20.55045890
3.57798147	38.71559524	-19.63302803
0.91743116	39.35779953	-19.08256912
-1.00917434	38.99082565	-19.26605606
-2.75229358	38.80733871	-18.80733871
-3.94495439	39.17431259	-17.70642280
-5.04587125	38.62385559	-17.24770736
-6.60550451	38.80733871	-15.68807411
-8.53211021	38.34862518	-14.49541282
-11.00917434	37.88990783	-12.93577957
-13.57798099	37.06422042	-11.28440380
-16.33027458	35.50458908	-9.08256816
-17.88990783	34.40367126	-5.96330261
-18.34862327	33.11926651	-2.47706413
-18.89908218	32.01834869	0.36697247
-18.80733871	29.90825843	4.03669738
-16.05504608	26.78899192	10.91743087
-13.94495391	25.32110214	13.30275249
-11.00917434	24.22018432	15.50458717
-7.70642232	23.39449501	16.88073348
-5.13761472	23.11926651	17.88990783
-0.73394494	22.29357719	18.99082565
3.76146769	21.00917434	19.72477149
8.34862327	20.45871543	19.26605606
10.73394489	22.11009025	18.07339477
8.16513729	25.32110214	15.87155914
7.43119287	26.51376152	14.77064228
7.79816532	26.69724845	14.67889881
10.18348598	27.15596199	13.76146793
9.72477054	27.24770545	13.11926555
13.66972446	27.06421852	12.38532161
15.59633064	27.33944892	11.28440380
15.96330261	27.79816436	10.36697292
15.04587078	29.81651496	8.62385368
15.87155914	29.90825843	7.52293539
17.24770736	29.81651496	7.06422042
18.44036674	29.81651496	5.77981662
20.18348503	29.26605606	4.95412826
22.47706413	28.44036865	3.76146769
23.94495391	27.70642280	3.02752304
24.77064323	27.24770545	2.11009168
25.96330261	26.97247505	1.55963301
25.96330261	27.33944892	0.91743116
26.51376152	27.79816436	-1.46788988
26.60550498	27.70642280	-1.55963301
26.78899192	27.06421852	-0.55045871
28.07339477	25.87155914	-0.36697247
29.17431259	24.67889976	-0.64220185
30.82568931	23.57798194	-2.11009168
30.82568931	23.57798194	-2.11009168
32.84403610	20.91743087	-2.20183491
33.76146697	19.72477149	-3.76146769
34.67890167	19.17431259	-5.96330261
35.13761520	18.89908218	-7.70642232
35.68807220	18.44036674	-9.26605510
36.05504608	18.07339477	-11.46788978
36.51375961	17.52293586	-13.94495391
36.33027267	17.06422042	-16.23853111
35.59632873	16.78899002	-21.74311828
35.41284561	16.78899002	-23.85321044
34.40367126	16.51376152	-26.05504608
32.66054916	16.42201805	-29.44954109
31.55963516	16.78899002	-31.92660522
29.81651496	16.78899002	-33.85321044
28.44036865	17.61467933	-34.95412826
27.61467933	17.98165130	-35.68807220
26.60550498	18.53211021	-36.42201614
25.41284179	18.53211021	-37.43119049
23.85321044	18.44036674	-39.17431259
22.29357719	17.79816436	-40.73394393
20.55045890	17.24770736	-42.11009216
17.24770736	16.78899002	-44.40366744
15.04587078	17.33945083	-45.68807601
12.75229263	17.61467933	-46.23853302
9.44954109	18.62385177	-46.69724655
8.71559619	17.98165130	-47.15596389
6.51376152	18.25687980	-47.24770736
4.95412826	18.25687980	-47.43119049
3.02752304	19.17431259	-47.15596389
1.10091745	19.63302803	-46.69724655
-0.36697247	20.36697196	-46.23853302
-1.19266057	21.37614631	-45.87155914
-2.29357790	22.47706413	-45.32110214
-2.38532114	23.02752304	-44.67889785
-1.65137615	23.85321044	-44.58715438
0.73394494	25.32110214	-43.57798004
1.92660560	26.51376152	-42.66054916
3.39449524	27.79816436	-41.46789169
6.05504608	28.89908218	-39.63302612
8.07339477	30.36697196	-37.24770355
10.36697292	32.20183563	-33.76146697
13.02752304	33.21100616	-30.82568931
15.68807411	34.03669738	-26.88073539
17.79816436	34.49541473	-22.29357719
18.89908218	34.58715820	-17.98165130
19.54128456	34.86238479	-14.31192588
19.81651306	34.67890167	-11.65137577
20.27522850	34.12844085	-9.17431163
20.27522850	33.66972351	-6.23853206
20.45871543	33.39449310	-5.32110118
19.90825653	33.66972351	-5.41284418
19.26605606	34.67890167	-5.87155961
18.89908218	34.58715820	-6.42201805
19.26605606	34.77064132	-7.61467885
18.62385177	34.95412826	-9.17431163
18.80733871	35.13761520	-9.35779762
18.07339477	35.50458908	-9.17431163
18.16513633	35.50458908	-9.72477054
17.70642280	35.77981567	-11.10091686
17.33945083	36.05504608	-12.66055107
16.78899002	36.33027267	-13.11926555
15.77981758	36.60550308	-13.11926555
14.03669738	37.52293395	-12.29357814
13.21100902	37.43119049	-12.75229263
11.74311923	37.88990783	-12.84403610
10.82568836	38.25688171	-13.21100902
8.89908218	38.44036865	-13.94495391
7.15596294	39.17431259	-14.49541282
5.13761472	39.17431259	-15.68807411
3.57798147	39.08256912	-16.97247695
2.11009168	39.26605606	-17.88990783
0.45871558	38.89908218	-19.17431259
-1.10091745	38.99082565	-19.81651306
-3.66972470	38.80733871	-20.09174346
-5.13761472	38.62385559	-20.45871543
-6.60550451	38.34862518	-20.55045890
-9.26605510	37.88990783	-21.46788978
-10.91743087	37.24770355	-21.65137672
-12.01834869	37.15596008	-21.74311828
-12.84403610	36.51375961	-22.29357719
-13.48623752	36.23853302	-22.38532066
-14.49541282	35.87155914	-22.11009025
-15.32110118	35.41284561	-22.20183372
-16.33027458	34.86238479	-22.11009025
-15.87155914	34.95412826	-23.76146697
-16.05504608	34.58715820	-23.94495391
-15.77981758	34.95412826	-24.22018432
-14.95412921	35.04587173	-24.77064323
-14.95412921	35.04587173	-24.77064323
-14.03669738	36.23853302	-22.56880760
-12.93577957	36.97247695	-20.18348503
-11.46788978	37.24770355	-20.91743087
-11.46788978	37.24770355	-20.91743087
-11.46788978	37.24770355	-20.91743087
-8.89908218	37.88990783	-22.75229454
-7.52293539	37.70642089	-23.66972351
-6.51376152	37.88990783	-24.67889976
-5.96330261	37.70642089	-24.95412826
-5.96330261	37.43119049	-25.41284179
-4.58715581	37.70642089	-25.87155914
-3.48623847	37.70642089	-25.68807220
-2.93577976	37.79816436	-25.32110214
-2.29357790	38.25688171	-24.49541282
-0.64220185	38.62385559	-23.39449501
1.46788988	39.54128265	-19.44954109
4.40366983	39.72476959	-9.72477054
6.14678907	38.53211212	-4.77064228
8.16513729	36.88073348	0.36697247
10.00000000	34.22018432	5.59633016
11.19266033	30.55045890	10.09174251
11.74311923	26.69724845	14.12844085
12.56880760	22.29357719	17.06422042
11.83486175	17.52293586	19.63302803
10.82568836	13.30275249	21.74311828
10.82568836	13.30275249	21.74311828
7.88990879	4.22018337	23.85321044
5.77981662	0.09174312	23.94495391
5.77981662	0.09174312	23.94495391
5.77981662	0.09174312	23.94495391
-1.10091745	-9.17431163	22.75229454
-1.10091745	-9.17431163	22.75229454
-1.10091745	-9.17431163	22.75229454
-2.38532114	-12.38532161	21.55963325
-1.46788988	-10.91743087	22.47706413
-0.82568807	-8.80733966	23.21100997
-0.82568807	-8.80733966	23.21100997
7.24770641	-5.32110118	23.76146697
13.66972446	-4.95412826	22.29357719
16.42201805	-3.30275225	21.74311828
17.52293586	-1.37614679	21.65137672
20.55045890	-0.36697247	20.00000000
23.85321044	1.00917434	18.16513633
27.88990783	1.83486232	15.04587078
32.29357910	1.92660560	10.27522945
34.95412826	2.29357790	6.78899049
37.43119049	2.38532114	1.92660560
40.36697006	6.33027553	-11.46788978
39.90825653	8.89908218	-15.96330261
37.88990783	11.19266033	-23.57798194
34.40367126	13.76146793	-30.73394584
30.91743087	15.96330261	-34.58715820
25.41284179	18.16513633	-39.63302612
19.17431259	19.72477149	-42.84403610
13.66972446	21.10091781	-44.86238479
7.15596294	23.76146697	-44.49541091
3.02752304	25.41284179	-44.03669738
2.01834869	25.41284179	-44.22018051
1.10091745	25.77981567	-43.94495391
-1.74311923	26.97247505	-42.47706604
-1.74311923	26.97247505	-42.47706604
-1.74311923	26.97247505	-42.47706604
-5.68807363	28.07339477	-39.90825653
-3.48623847	27.33944892	-40.91743087
-6.05504608	28.07339477	-39.63302612
-6.05504608	28.07339477	-39.63302612
-10.73394489	28.25688171	-37.15596008
-13.94495391	28.44036865	-35.32110214
-17.06422042	28.53210830	-32.47706222
-20.00000000	28.16513824	-30.27522850
-22.56880760	26.05504608	-30.18348503
-24.58715629	24.31192779	-30.27522850
-26.42201805	22.11009025	-29.81651496
-27.24770545	20.64220237	-30.55045890
-27.24770545	20.64220237	-30.55045890
-30.45871543	18.80733871	-27.61467933
-29.81651496	19.17431259	-29.72477149
-30.18348503	18.89908218	-27.79816436
-30.91743087	19.72477149	-25.68807220
-31.37614822	20.64220237	-23.94495391
-31.46789169	21.55963325	-21.74311828
-32.01834869	21.65137672	-19.63302803
-32.38532257	21.28440475	-17.33945083
-32.66054916	20.91743087	-15.59633064
-32.56880569	21.37614631	-13.94495391
-32.66054916	21.37614631	-12.47706413
-32.66054916	21.19266128	-10.09174251
-32.01834869	21.00917434	-6.78899049
-31.65137481	20.18348503	-2.84403686
-29.72477149	19.35779762	2.47706413
-26.33027458	18.62385177	8.62385368
-24.67889976	17.52293586	10.18348598
-22.38532066	16.23853111	13.48623752
-20.55045890	15.32110118	15.32110118
-18.53211021	14.86238574	16.88073348
-15.77981758	13.66972446	18.71559524
-13.85321140	12.84403610	19.81651306
-12.56880760	13.02752304	20.55045890
-13.57798099	14.40366935	19.63302803
-14.12844085	15.87155914	18.99082565
-15.13761425	18.34862327	17.06422042
-15.13761425	19.90825653	16.33027458
-12.20183563	20.64220237	17.43119239
-5.96330261	21.19266128	19.35779762
-1.92660560	21.46788978	19.63302803
3.76146769	20.91743087	20.00000000
9.63302803	20.73394584	18.99082565
13.66972446	21.10091781	17.79816436
18.71559524	19.90825653	15.77981758
23.66972351	18.16513633	13.76146793
26.51376152	15.32110118	12.47706413
32.01834869	12.84403610	8.16513729
36.60550308	8.44036674	2.84403686
39.35779953	5.32110118	-2.84403686
40.73394393	3.48623847	-6.51376152
40.91743087	0.82568807	-8.44036674
41.28440475	-1.74311923	-13.48623752
39.08256912	-2.56880736	-27.06421852
39.08256912	-2.93577976	-27.98165130
40.73394393	0.36697247	-28.80733871
42.47706604	1.92660560	-27.06421852
43.11926651	2.20183491	-27.43119239
42.66054916	2.29357790	-28.80733871
41.92660522	2.75229358	-29.72477149
41.55963516	4.40366983	-30.91743087
41.00917434	5.22935771	-32.01834869
39.54128265	6.05504608	-32.66054916
37.52293395	6.23853206	-33.94495391
36.05504608	7.24770641	-34.86238479
34.95412826	8.62385368	-35.41284561
33.66972351	10.27522945	-35.87155914
32.93577957	12.20183563	-34.22018432
32.29357910	13.30275249	-34.49541473
31.46789169	15.22935771	-34.40367126
30.91743087	17.24770736	-32.75229263
30.09174156	19.26605606	-31.92660522
29.26605606	21.55963325	-31.74311828
27.06421852	23.85321044	-31.19266128
25.96330261	25.68807220	-30.09174156
24.40367126	27.43119239	-29.54128456
22.29357719	29.35779762	-29.08256912
21.19266128	30.27522850	-28.99082565
20.36697196	31.00917434	-28.71559524
18.71559524	32.47706222	-28.07339477
11.65137577	34.58715820	-29.72477149
8.25688076	35.41284561	-29.81651496
5.04587125	35.41284561	-30.45871543
2.38532114	35.77981567	-30.82568931
-2.01834869	35.68807220	-31.00917434
-5.41284418	34.86238479	-30.73394584
-9.63302803	33.76146697	-31.37614822
-13.30275249	32.29357910	-31.19266128
-16.78899002	31.46789169	-30.27522850
-18.99082565	30.55045890	-29.63302803
-20.82568931	28.71559524	-29.81651496
-22.38532066	27.70642280	-29.90825843
-23.48623847	26.51376152	-29.54128456
-23.94495391	26.88073539	-28.80733871
-24.77064323	24.77064323	-29.72477149
-26.78899192	24.22018432	-28.07339477
-27.61467933	23.66972351	-26.78899192
-27.79816436	23.11926651	-26.51376152
-26.51376152	24.03669738	-27.98165130
-26.14678955	25.59632873	-26.51376152
-24.49541282	28.25688171	-24.22018432
-23.21100997	29.81651496	-22.66055107
-22.47706413	30.64220237	-22.01834869
-21.10091781	31.92660522	-19.63302803
-19.72477149	33.21100616	-19.08256912
-18.16513633	33.85321044	-18.89908218
-16.42201805	34.86238479	-18.89908218
-13.57798099	36.51375961	-15.22935771
-12.56880760	36.78899002	-13.02752304
-11.28440380	37.15596008	-11.37614727
-9.54128456	37.43119049	-9.17431163
-6.60550451	37.70642089	-6.23853206
-4.31192684	37.61467742	-3.85321121
-2.29357790	37.43119049	-2.11009168
0.00000000	36.60550308	-0.36697247
1.37614679	35.13761520	3.76146769
3.57798147	33.48623657	6.60550451
5.41284418	31.92660522	8.99082565
7.79816532	30.09174156	10.18348598
11.00917434	28.89908218	10.27522945
13.02752304	28.07339477	10.55045890
18.07339477	25.77981567	10.09174251
20.27522850	24.77064323	9.08256816
22.66055107	23.76146697	7.98165130
25.04587173	22.29357719	6.60550451
25.04587173	22.29357719	6.60550451
25.04587173	22.29357719	6.60550451
24.31192779	20.27522850	9.17431163
18.99082565	21.19266128	13.21100902
14.86238574	23.02752304	14.67889881
12.84403610	23.39449501	15.22935771
11.10091686	24.58715629	14.67889881
8.25688076	27.33944892	13.11926555
7.06422042	28.89908218	11.92660522
4.77064228	27.52293586	13.76146793
4.77064228	27.52293586	13.76146793
4.77064228	27.52293586	13.76146793
7.52293539	28.25688171	11.74311923
7.52293539	28.25688171	11.74311923
7.52293539	28.25688171	11.74311923
14.22018432	30.27522850	7.15596294
7.52293539	31.92660522	9.35779762
4.86238527	30.18348503	11.65137577
0.55045871	30.55045890	11.19266033
-3.66972470	30.18348503	11.46788978
-7.79816532	26.97247505	13.85321140
-9.81651401	24.77064323	15.32110118
-12.75229263	24.67889976	14.22018432
-14.03669738	24.95412826	13.39449596
-15.22935771	25.22935867	12.84403610
-15.59633064	25.50458526	11.92660522
-16.60550308	25.96330261	11.28440380
-16.42201805	28.25688171	8.71559619
-16.33027458	29.54128456	7.15596294
-16.23853111	31.00917434	5.13761472
-15.50458717	31.83486175	3.76146769
-15.22935771	32.93577957	2.38532114
-15.32110118	33.11926651	2.29357790
-14.67889881	33.11926651	2.75229358
-14.40366935	33.02752304	3.11926603
-14.12844085	32.93577957	3.57798147
-13.94495391	32.75229263	4.40366983
-14.03669738	32.75229263	4.31192684
-14.22018432	32.11009216	5.41284418
-14.22018432	32.11009216	5.41284418
-15.96330261	31.00917434	5.87155961
-15.96330261	31.00917434	5.87155961
-15.87155914	28.71559524	8.99082565
-16.14678955	28.80733871	9.54128456
-15.87155914	28.53210830	9.44954109
-16.14678955	29.08256912	9.44954109
-16.42201805	29.35779762	7.88990879
-17.61467933	29.08256912	7.61467885
-17.98165130	27.98165130	9.17431163
-17.15596389	27.43119239	9.90825653
-16.69724655	26.97247505	11.10091686
-17.24770736	26.78899192	10.91743087
-17.33945083	26.23853111	11.28440380
-16.88073348	25.68807220	12.29357814
-16.42201805	25.22935867	13.02752304
-16.88073348	24.58715629	13.39449596
-17.52293586	23.39449501	13.85321140
-18.34862327	23.30275154	13.21100902
-18.89908218	23.21100997	13.30275249
-18.62385177	22.84403800	13.48623752
-18.44036674	23.48623847	13.57798099
-17.79816436	23.66972351	13.39449596
-17.88990783	24.67889976	12.20183563
-18.25687980	26.05504608	10.64220237
-18.25687980	26.05504608	10.64220237
-18.25687980	26.05504608	10.64220237
-16.33027458	30.27522850	7.15596294
-16.33027458	31.83486175	4.67889881
-16.33027458	31.83486175	4.67889881
-16.33027458	31.83486175	4.67889881
-16.60550308	34.77064132	-3.48623847
-16.51376152	35.32110214	-6.69724798
-16.51376152	35.32110214	-6.69724798
-17.24770736	35.22935867	-7.98165130
-17.43119239	34.95412826	-8.44036674
-17.70642280	34.86238479	-8.99082565
-17.70642280	34.86238479	-8.99082565
-18.80733871	34.67890167	-9.26605510
-18.71559524	34.31192779	-8.62385368
-18.99082565	34.31192779	-7.43119287
-18.99082565	34.31192779	-7.43119287
-18.99082565	34.31192779	-7.43119287
-23.02752304	30.73394584	-3.02752304
-23.66972351	28.89908218	-1.37614679
-23.66972351	28.89908218	-1.37614679
-23.66972351	28.89908218	-1.37614679
-25.96330261	23.85321044	4.58715581
-26.33027458	21.83486175	6.51376152
-28.25688171	17.52293586	7.79816532
-29.17431259	15.32110118	8.16513729
-29.26605606	13.66972446	8.71559619
-30.55045890	11.92660522	8.34862327
-31.10091781	10.27522945	8.25688076
-31.10091781	10.27522945	8.25688076
-31.10091781	10.27522945	8.25688076
-33.11926651	4.77064228	6.14678907
-34.31192779	3.48623847	4.03669738
-34.31192779	3.48623847	4.03669738
-34.67890167	1.83486232	3.11926603
-34.86238479	1.46788988	2.84403686
-34.22018432	1.00917434	3.57798147
-34.22018432	1.00917434	3.57798147
-32.66054916	0.18348623	6.88073396
-31.00917434	0.18348623	9.63302803
-25.13761520	3.39449524	15.68807411
-21.65137672	6.05504608	18.16513633
-18.71559524	7.88990879	19.54128456
-14.49541282	9.81651401	21.46788978
-11.00917434	12.47706413	21.74311828
-11.00917434	12.47706413	21.74311828
-6.97247695	17.98165130	20.82568931
-5.22935771	20.91743087	19.35779762
-3.02752304	23.48623847	18.16513633
-3.02752304	23.48623847	18.16513633
-1.10091745	28.07339477	14.67889881
0.82568807	28.62385177	14.03669738
1.10091745	29.26605606	13.39449596
-0.18348623	29.54128456	13.30275249
1.19266057	28.25688171	14.49541282
-0.82568807	28.53210830	14.22018432
-1.19266057	28.71559524	14.22018432
-1.19266057	28.71559524	14.22018432
-1.19266057	28.71559524	14.22018432
-5.96330261	26.97247505	15.13761425
-7.43119287	26.51376152	15.32110118
-8.25688076	25.32110214	15.87155914
-8.99082565	24.58715629	16.23853111
-9.44954109	23.94495391	16.69724655
-9.26605510	22.01834869	17.88990783
0.09174312	16.78899002	22.38532066
3.57798147	13.02752304	23.76146697
4.12844038	12.01834869	24.12844085
4.86238527	11.37614727	24.12844085
4.22018337	10.09174251	24.31192779
3.85321121	9.63302803	24.40367126
3.85321121	8.62385368	25.04587173
3.21100902	7.24770641	24.86238479
7.15596294	5.22935771	24.77064323
8.53211021	5.22935771	24.58715629
9.90825653	5.77981662	24.22018432
13.02752304	6.23853206	23.21100997
17.33945083	6.88073396	21.28440475
18.80733871	6.78899049	20.55045890
20.55045890	5.68807363	19.63302803
22.29357719	4.86238527	18.71559524
24.12844085	3.94495439	17.43119239
25.96330261	3.02752304	15.68807411
28.25688171	2.47706413	13.48623752
31.19266128	1.92660560	10.45871543
33.85321044	2.01834869	6.51376152
35.77981567	3.57798147	4.86238527
38.89908218	4.77064228	-0.82568807
39.54128265	7.98165130	-7.70642232
39.26605606	9.26605510	-10.00000000
39.63302612	11.10091686	-13.02752304
36.97247695	16.23853111	-21.74311828
34.31192779	19.35779762	-24.95412826
32.20183563	22.11009025	-26.88073539
31.10091781	24.12844085	-25.59632873
29.54128456	26.42201805	-24.31192779
27.15596199	28.25688171	-24.67889976
24.95412826	30.45871543	-23.11926651
22.84403800	32.84403610	-21.10091781
22.75229454	33.02752304	-19.26605606
22.84403800	33.11926651	-18.25687980
23.02752304	33.11926651	-17.98165130
22.56880760	33.66972351	-17.88990783
21.55963325	34.03669738	-17.79816436
20.91743087	34.58715820	-17.70642280
19.08256912	35.22935867	-18.34862327
18.16513633	35.50458908	-19.17431259
17.61467933	35.68807220	-19.90825653
16.78899002	35.87155914	-21.10091781
15.77981758	35.87155914	-22.66055107
16.33027458	35.59632873	-22.84403800
17.15596389	35.32110214	-23.48623847
17.24770736	34.67890167	-24.40367126
17.24770736	34.40367126	-25.50458526
17.70642280	33.57798004	-25.96330261
18.89908218	33.11926651	-26.42201805
20.45871543	32.01834869	-26.97247505
21.46788978	31.37614822	-27.43119239
23.11926651	29.44954109	-28.16513824
23.21100997	29.17431259	-28.80733871
23.39449501	28.62385177	-28.80733871
23.66972351	28.44036865	-28.71559524
23.39449501	28.44036865	-28.71559524
23.02752304	29.26605606	-28.53210830
22.20183372	29.54128456	-28.34862518
20.64220237	30.55045890	-28.34862518
19.35779762	31.00917434	-28.53210830
18.71559524	31.65137481	-28.53210830
17.79816436	31.65137481	-28.89908218
17.06422042	31.55963516	-28.71559524
16.51376152	32.11009216	-28.34862518
15.50458717	32.75229263	-27.52293586
14.67889881	32.75229263	-26.88073539
13.85321140	32.75229263	-26.69724845
13.57798099	32.93577957	-26.42201805
13.21100902	32.93577957	-26.51376152
12.66055107	32.56880569	-26.33027458
12.47706413	32.75229263	-26.33027458
12.01834869	32.56880569	-26.42201805
11.83486175	32.75229263	-25.96330261
11.83486175	33.02752304	-25.41284179
11.55963325	33.02752304	-25.50458526
11.46788978	33.02752304	-25.04587173
11.55963325	33.11926651	-24.67889976
11.46788978	33.39449310	-24.40367126
11.55963325	33.48623657	-24.03669738
11.46788978	33.30274963	-23.94495391
11.74311923	33.48623657	-23.76146697
11.74311923	33.39449310	-23.48623847
12.11009216	33.11926651	-22.93577957
12.38532161	32.84403610	-22.75229454
