-39.1743	3.4862	5.7798
-39.1743	3.4862	5.7798
-39.2661	3.6697	5.5963
-39.3578	3.8532	5.6881
-39.3578	3.8532	5.6881
-39.3578	3.8532	5.6881
-39.3578	3.8532	5.6881
-39.3578	3.8532	5.6881
-39.2661	3.6697	5.5963
-39.4495	3.7615	5.7798
-39.3578	3.8532	5.6881
-39.3578	3.8532	5.6881
-39.3578	3.8532	5.6881
-39.3578	3.8532	5.6881
-39.4495	3.4862	5.5046
-39.4495	3.4862	5.5046
-39.2661	3.6697	5.7798
-39.2661	3.6697	5.7798
-39.2661	3.6697	5.7798
-39.2661	3.6697	5.7798
-39.2661	3.6697	5.7798
-39.2661	3.4862	5.4128
-39.2661	3.5780	5.4128
-39.2661	3.5780	5.4128
-39.2661	3.5780	5.4128
-39.2661	3.5780	5.4128
-39.2661	3.5780	5.4128
-39.6330	3.8532	5.4128
-39.6330	3.8532	5.4128
-39.1743	3.4862	5.4128
-39.1743	3.4862	5.4128
-39.1743	3.4862	5.4128
-39.1743	3.4862	5.4128
-39.5413	3.7615	5.3211
-39.1743	3.6697	5.3211
-39.1743	3.6697	5.3211
-39.1743	3.6697	5.3211
-39.1743	3.6697	5.3211
-39.1743	3.6697	5.3211
-39.1743	3.6697	5.3211
-39.5413	3.5780	5.5963
-39.4495	3.3945	5.5046
-39.4495	3.3945	5.5046
-39.4495	3.3945	5.5046
-39.4495	3.3945	5.5046
-39.4495	3.3945	5.5046
-39.5413	3.5780	5.1376
-39.7248	3.5780	5.5046
-39.7248	3.5780	5.5046
-39.7248	3.5780	5.5046
-39.7248	3.5780	5.5046
-39.7248	3.5780	5.5046
-39.4495	3.7615	5.3211
-39.6330	3.3028	4.9541
-39.4495	3.3945	5.3211
-39.4495	3.3945	5.3211
-39.4495	3.3945	5.3211
-39.4495	3.3945	5.3211
-39.4495	3.3945	5.3211
-39.4495	3.5780	4.9541
-39.8165	3.8532	5.1376
-39.8165	3.8532	5.1376
-39.8165	3.8532	5.1376
-39.8165	3.8532	5.1376
-39.8165	3.8532	5.1376
-39.7248	4.0367	4.9541
-39.5413	3.8532	4.9541
-39.4495	3.6697	4.7706
-39.4495	3.6697	4.7706
-39.4495	3.6697	4.7706
-39.4495	3.6697	4.7706
-39.6330	4.2202	4.8624
-39.6330	4.2202	4.8624
-39.5413	4.5872	4.7706
-39.5413	4.5872	4.7706
-39.5413	4.5872	4.7706
-39.5413	4.5872	4.7706
-39.9083	6.6055	4.4037
-39.7248	7.7982	4.1284
-39.7248	7.7982	4.1284
-39.7248	7.7982	4.1284
-39.7248	7.7982	4.1284
-39.7248	7.7982	4.1284
-40.0917	9.5413	2.3853
-40.0917	9.5413	2.3853
-40.0917	9.5413	2.3853
-40.0917	9.5413	2.3853
-40.0917	9.5413	2.3853
-40.0917	9.5413	2.3853
-40.8257	11.4679	0.5505
-40.6422	11.8349	-0.5505
-40.6422	11.8349	-0.5505
-40.6422	11.8349	-0.5505
-40.6422	11.8349	-0.5505
-40.6422	11.8349	-0.5505
-40.5505	12.1101	-1.2844
-40.7339	12.7523	-1.7431
-40.7339	12.7523	-1.7431
-40.7339	12.7523	-1.7431
-40.7339	12.7523	-1.7431
-40.7339	12.7523	-1.7431
-40.8257	12.7523	-3.0275
-41.1009	13.0275	-3.3028
-40.7339	12.8440	-3.3945
-40.7339	12.8440	-3.3945
-40.7339	12.8440	-3.3945
-40.7339	12.8440	-3.3945
-41.1009	12.9358	-4.3119
-41.1009	12.9358	-4.3119
-40.9174	13.6697	-4.4954
-40.9174	13.6697	-4.4954
-40.9174	13.6697	-4.4954
-40.9174	13.6697	-4.4954
-41.2844	13.4862	-8.0734
-41.1927	13.4862	-8.4404
-41.1927	13.4862	-8.4404
-41.1927	13.4862	-8.4404
-41.1927	13.4862	-8.4404
-41.1927	13.4862	-8.4404
-41.1927	13.4862	-8.4404
-41.6514	12.8440	-11.8349
-41.6514	12.8440	-11.8349
-41.6514	12.8440	-11.8349
-41.6514	12.8440	-11.8349
-41.6514	12.8440	-11.8349
-41.6514	12.8440	-11.8349
-42.1101	11.1009	-12.8440
-41.7431	12.0183	-13.2110
-41.7431	12.0183	-13.2110
-41.7431	12.0183	-13.2110
-41.7431	12.0183	-13.2110
-41.7431	12.0183	-13.2110
-40.9174	15.0459	-15.4128
-40.1835	16.7890	-15.7798
-39.9083	17.7064	-16.1468
-39.9083	17.7064	-16.1468
-39.9083	17.7064	-16.1468
-39.9083	17.7064	-16.1468
-39.5413	19.3578	-17.1560
-38.9908	19.4495	-18.8991
-38.5321	19.5413	-20.3670
-38.5321	19.5413	-20.3670
-38.5321	19.5413	-20.3670
-37.7982	18.3486	-23.6697
-38.2569	17.0642	-24.8624
-38.2569	17.0642	-24.8624
-38.2569	17.0642	-24.8624
-38.2569	17.0642	-24.8624
-38.2569	17.0642	-24.8624
-38.8073	12.2936	-26.8807
-38.8073	12.2936	-26.8807
-38.8073	12.2936	-26.8807
-38.8073	12.2936	-26.8807
-38.8073	12.2936	-26.8807
-38.8073	12.2936	-26.8807
-38.8073	12.2936	-26.8807
-38.8073	12.2936	-26.8807
-38.8073	12.2936	-26.8807
-38.8073	12.2936	-26.8807
-38.8073	12.2936	-26.8807
-38.8073	12.2936	-26.8807
-38.8073	12.2936	-26.8807
-38.8073	12.2936	-26.8807
-38.8073	12.2936	-26.8807
-38.8073	12.2936	-26.8807
-38.8073	12.2936	-26.8807
-38.8073	12.2936	-26.8807
-38.8073	12.2936	-26.8807
-38.8073	12.2936	-26.8807
-38.8073	12.2936	-26.8807
-38.8073	12.2936	-26.8807
-38.8073	12.2936	-26.8807
-38.8073	12.2936	-26.8807
-40.0917	-8.8073	-15.7798
-40.0917	-9.3578	-14.4037
-40.0917	-9.3578	-14.4037
-40.0917	-9.3578	-14.4037
-40.0917	-9.3578	-14.4037
-40.0917	-9.3578	-14.4037
-39.6330	-10.9174	-8.0734
-39.6330	-10.9174	-8.0734
-39.6330	-10.9174	-4.0367
-39.6330	-10.9174	-4.0367
-39.6330	-10.9174	-4.0367
-39.6330	-10.9174	-4.0367
-39.1743	-8.8991	-1.1009
-39.3578	-8.3486	-0.5505
-39.3578	-7.7982	0.0917
-39.3578	-7.7982	0.0917
-39.3578	-7.7982	0.0917
-39.3578	-7.7982	0.0917
-39.3578	-7.7982	0.0917
-38.9908	-7.2477	1.1927
-39.3578	-6.9725	1.3761
-39.3578	-6.9725	1.3761
-39.3578	-6.9725	1.3761
-39.3578	-6.9725	1.3761
-39.3578	-6.9725	1.3761
-38.8073	-5.8716	4.1284
-38.6239	-5.3211	4.5872
-38.7156	-4.6789	4.9541
-38.7156	-4.6789	4.9541
-38.7156	-4.6789	4.9541
-38.7156	-4.6789	4.9541
-38.4404	-2.0183	6.2385
-38.4404	-2.0183	6.2385
-38.7156	-0.8257	6.6055
-38.7156	-0.8257	6.6055
-38.7156	-0.8257	6.6055
-38.7156	-0.8257	6.6055
-37.7982	3.4862	9.3578
-37.7064	5.5046	9.8165
-37.7064	5.5046	9.8165
-37.7064	5.5046	9.8165
-37.7064	5.5046	9.8165
-37.7064	5.5046	9.8165
-37.7064	5.5046	9.8165
-36.0550	10.9174	10.8257
-36.0550	10.9174	10.8257
-36.0550	10.9174	10.8257
-36.0550	10.9174	10.8257
-36.0550	10.9174	10.8257
-36.0550	10.9174	10.8257
-33.8532	13.8532	13.3028
-34.0367	14.4037	12.9358
-34.0367	14.4037	12.9358
-34.0367	14.4037	12.9358
-34.0367	14.4037	12.9358
-34.0367	14.4037	12.9358
-33.1193	14.1284	14.5872
-33.1193	14.1284	14.5872
-33.1193	14.1284	14.5872
-33.1193	14.1284	14.5872
-33.1193	14.1284	14.5872
-33.1193	14.1284	14.5872
-27.9817	14.8624	19.8165
-26.4220	14.4954	21.2844
-24.4037	13.9450	23.3945
-24.4037	13.9450	23.3945
-24.4037	13.9450	23.3945
-24.4037	13.9450	23.3945
-18.4404	9.4495	27.8899
-18.4404	9.4495	27.8899
-16.1468	7.7064	29.4495
-16.1468	7.7064	29.4495
-16.1468	7.7064	29.4495
-16.1468	7.7064	29.4495
-8.1651	0.7339	31.8349
-6.6055	-0.1835	32.0183
-6.6055	-0.1835	32.0183
-6.6055	-0.1835	32.0183
-6.6055	-0.1835	32.0183
-6.6055	-0.1835	32.0183
-6.6055	-0.1835	32.0183
3.2110	-4.7706	31.8349
6.0550	-5.5046	31.8349
6.0550	-5.5046	31.8349
6.0550	-5.5046	31.8349
6.0550	-5.5046	31.8349
6.0550	-5.5046	31.8349
13.8532	-6.1468	29.9083
13.8532	-6.1468	29.9083
13.8532	-6.1468	29.9083
13.8532	-6.1468	29.9083
13.8532	-6.1468	29.9083
13.8532	-6.1468	29.9083
24.0367	-7.7064	24.9541
26.6055	-7.7982	23.4862
28.8991	-7.8899	21.5596
28.8991	-7.8899	21.5596
28.8991	-7.8899	21.5596
28.8991	-7.8899	21.5596
34.2202	-5.7798	17.2477
36.2385	-5.3211	15.2294
37.8899	-7.3394	12.4771
37.8899	-7.3394	12.4771
37.8899	-7.3394	12.4771
37.8899	-7.3394	12.4771
42.3853	-10.7339	1.5596
42.3853	-10.7339	1.5596
43.5780	-11.2844	-3.0275
43.5780	-11.2844	-3.0275
43.5780	-11.2844	-3.0275
43.5780	-11.2844	-3.0275
44.4037	-12.7523	-14.3119
44.4037	-13.2110	-18.0734
44.4037	-13.2110	-18.0734
44.4037	-13.2110	-18.0734
44.4037	-13.2110	-18.0734
44.4037	-13.2110	-18.0734
40.6422	-15.0459	-28.4404
40.6422	-15.0459	-28.4404
40.6422	-15.0459	-28.4404
40.6422	-15.0459	-28.4404
40.6422	-15.0459	-28.4404
40.6422	-15.0459	-28.4404
33.2110	-16.6972	-39.7248
31.1927	-17.0642	-41.2844
29.7248	-17.3395	-42.3853
29.7248	-17.3395	-42.3853
29.7248	-17.3395	-42.3853
29.7248	-17.3395	-42.3853
24.8624	-17.7982	-45.4128
24.8624	-17.7982	-45.4128
24.8624	-17.7982	-45.4128
24.8624	-17.7982	-45.4128
24.8624	-17.7982	-45.4128
24.8624	-17.7982	-45.4128
19.0826	-17.8899	-48.7156
19.1743	-17.7064	-48.7156
19.1743	-17.7064	-48.7156
19.1743	-17.7064	-48.7156
19.1743	-17.7064	-48.7156
19.1743	-17.7064	-48.7156
16.3303	-7.2477	-53.9449
16.3303	-7.2477	-53.9449
16.3303	-7.2477	-53.9449
16.3303	-7.2477	-53.9449
16.3303	-7.2477	-53.9449
16.3303	-7.2477	-53.9449
16.3303	-7.2477	-53.9449
16.3303	-7.2477	-53.9449
16.3303	-7.2477	-53.9449
16.3303	-7.2477	-53.9449
16.3303	-7.2477	-53.9449
16.3303	-7.2477	-53.9449
6.6972	-11.0092	-54.7706
6.6972	-11.0092	-54.7706
5.1376	-12.1101	-54.2202
5.1376	-12.1101	-54.2202
5.1376	-12.1101	-54.2202
5.1376	-12.1101	-54.2202
0.7339	-15.9633	-52.2018
-1.3761	-16.9725	-51.5596
-1.3761	-16.9725	-51.5596
-1.3761	-16.9725	-51.5596
-1.3761	-16.9725	-51.5596
-1.3761	-16.9725	-51.5596
-8.7156	-17.8899	-49.3578
-10.8257	-17.8899	-48.4404
-13.0275	-17.7982	-47.7064
-13.0275	-17.7982	-47.7064
-13.0275	-17.7982	-47.7064
-13.0275	-17.7982	-47.7064
-18.2569	-17.6147	-44.9541
-21.0092	-17.4312	-42.9358
-23.3945	-16.4220	-41.9266
-23.3945	-16.4220	-41.9266
-23.3945	-16.4220	-41.9266
-23.3945	-16.4220	-41.9266
-28.4404	-14.5872	-37.6147
-28.4404	-14.5872	-37.6147
-30.0917	-14.0367	-36.6055
-30.0917	-14.0367	-36.6055
-30.0917	-14.0367	-36.6055
-30.0917	-14.0367	-36.6055
-34.4954	-8.5321	-33.1193
-36.1468	-6.7890	-31.0092
-36.1468	-6.7890	-31.0092
-36.1468	-6.7890	-31.0092
-36.1468	-6.7890	-31.0092
-36.1468	-6.7890	-31.0092
-39.5413	-4.2202	-24.6789
-39.5413	-4.2202	-24.6789
-39.5413	-4.2202	-24.6789
-39.5413	-4.2202	-24.6789
-39.5413	-4.2202	-24.6789
-39.5413	-4.2202	-24.6789
-41.4679	-2.5688	-18.0734
-41.4679	-3.1193	-16.8807
-41.5596	-2.5688	-15.8716
-41.5596	-2.5688	-15.8716
-41.5596	-2.5688	-15.8716
-41.5596	-2.5688	-15.8716
-41.5596	-2.5688	-15.8716
-41.8349	-2.1101	-11.8349
-42.1101	-1.5596	-10.7339
-42.1101	-1.5596	-10.7339
-42.1101	-1.5596	-10.7339
-42.1101	-1.5596	-10.7339
-42.1101	-1.5596	-10.7339
-42.2936	1.2844	-10.4587
-42.3853	1.3761	-10.1835
-42.3853	1.3761	-10.1835
-42.3853	1.3761	-10.1835
-42.3853	1.3761	-10.1835
-42.3853	1.3761	-10.1835
-42.4771	2.9358	-10.0000
-42.4771	2.9358	-10.0000
-42.2936	2.5688	-10.3670
-42.2936	2.5688	-10.3670
-42.2936	2.5688	-10.3670
-42.2936	2.5688	-10.3670
-42.3853	2.5688	-10.8257
-42.4771	3.1193	-10.6422
-42.4771	3.1193	-10.6422
-42.4771	3.1193	-10.6422
-42.4771	3.1193	-10.6422
-42.4771	3.1193	-10.6422
-42.3853	4.9541	-9.3578
-42.4771	5.0459	-8.3486
-42.1101	5.2294	-7.3394
-42.1101	5.2294	-7.3394
-42.1101	5.2294	-7.3394
-42.1101	5.2294	-7.3394
-42.2018	5.2294	-5.2294
-42.1101	5.0459	-4.5872
-42.0183	4.8624	-3.9450
-42.0183	4.8624	-3.9450
-42.0183	4.8624	-3.9450
-42.0183	4.8624	-3.9450
-41.5596	4.4954	-4.3119
-41.5596	4.4954	-4.3119
-42.0183	4.2202	-4.4037
-42.0183	4.2202	-4.4037
-42.0183	4.2202	-4.4037
-42.0183	4.2202	-4.4037
-42.1101	4.0367	-4.3119
-41.9266	4.0367	-4.3119
-41.9266	4.0367	-4.3119
-41.9266	4.0367	-4.3119
-41.9266	4.0367	-4.3119
-41.9266	4.0367	-4.3119
-42.0183	4.7706	-4.2202
-41.9266	4.9541	-4.5872
-41.9266	4.9541	-4.5872
-41.9266	4.9541	-4.5872
-41.9266	4.9541	-4.5872
-41.9266	4.9541	-4.5872
-41.9266	4.9541	-4.5872
-42.1101	4.4037	-5.6881
-42.2936	3.7615	-6.0550
-42.2936	3.7615	-6.0550
-42.2936	3.7615	-6.0550
-42.2936	3.7615	-6.0550
-42.2936	3.7615	-6.0550
-42.3853	3.3028	-6.2385
-42.3853	3.3028	-6.2385
-42.3853	3.3028	-6.2385
-42.3853	3.3028	-6.2385
-42.3853	3.3028	-6.2385
-42.3853	3.3028	-6.2385
-42.3853	3.3028	-6.2385
-42.3853	3.3028	-6.2385
-42.3853	3.3028	-6.2385
-42.3853	3.3028	-6.2385
-42.3853	3.3028	-6.2385
-42.3853	3.3028	-6.2385
-42.3853	3.3028	-6.2385
-42.3853	3.3028	-6.2385
-42.3853	3.3028	-6.2385
-42.3853	3.3028	-6.2385
-42.3853	3.3028	-6.2385
-42.3853	3.3028	-6.2385
-42.3853	3.3028	-6.2385
-42.3853	3.3028	-6.2385
-42.3853	3.3028	-6.2385
-42.3853	3.3028	-6.2385
-42.3853	3.3028	-6.2385
-42.3853	3.3028	-6.2385
-36.5138	-16.8807	-5.5963
-33.2110	-22.1101	-6.9725
-33.2110	-22.1101	-6.9725
-33.2110	-22.1101	-6.9725
-33.2110	-22.1101	-6.9725
-33.2110	-22.1101	-6.9725
-21.5596	-33.3945	-8.5321
-18.3486	-34.9541	-10.1835
-18.3486	-34.9541	-10.1835
-18.3486	-34.9541	-10.1835
-18.3486	-34.9541	-10.1835
-18.3486	-34.9541	-10.1835
-7.8899	-39.0826	-14.0367
-3.9450	-39.4495	-16.1468
-3.9450	-39.4495	-16.1468
-3.9450	-39.4495	-16.1468
-3.9450	-39.4495	-16.1468
-3.9450	-39.4495	-16.1468
3.0275	-39.7248	-20.6422
7.1560	-39.4495	-21.3761
12.7523	-38.5321	-22.8440
12.7523	-38.5321	-22.8440
12.7523	-38.5321	-22.8440
12.7523	-38.5321	-22.8440
23.4862	-33.5780	-26.6055
23.4862	-33.5780	-26.6055
23.4862	-33.5780	-26.6055
23.4862	-33.5780	-26.6055
23.4862	-33.5780	-26.6055
23.4862	-33.5780	-26.6055
30.6422	-26.9725	-30.3670
32.3853	-24.8624	-31.4679
32.3853	-24.8624	-31.4679
32.3853	-24.8624	-31.4679
32.3853	-24.8624	-31.4679
32.3853	-24.8624	-31.4679
37.2477	-17.8899	-32.7523
37.2477	-17.8899	-32.7523
37.2477	-17.8899	-32.7523
37.2477	-17.8899	-32.7523
37.2477	-17.8899	-32.7523
37.2477	-17.8899	-32.7523
41.2844	-8.3486	-32.2936
41.9266	-6.6055	-31.9266
41.9266	-6.6055	-31.9266
41.9266	-6.6055	-31.9266
41.9266	-6.6055	-31.9266
41.9266	-6.6055	-31.9266
43.1193	-0.3670	-31.4679
43.1193	-0.3670	-31.4679
43.0275	1.4679	-32.1101
43.0275	1.4679	-32.1101
43.0275	1.4679	-32.1101
43.0275	1.4679	-32.1101
42.6605	9.5413	-31.1927
41.7431	12.3853	-30.8257
41.7431	12.3853	-30.8257
41.7431	12.3853	-30.8257
41.7431	12.3853	-30.8257
41.7431	12.3853	-30.8257
39.0826	19.9083	-29.9083
37.6147	22.0183	-30.2752
37.6147	22.0183	-30.2752
37.6147	22.0183	-30.2752
37.6147	22.0183	-30.2752
37.6147	22.0183	-30.2752
37.6147	22.0183	-30.2752
31.4679	30.6422	-29.3578
30.5505	31.6514	-28.8991
30.5505	31.6514	-28.8991
30.5505	31.6514	-28.8991
30.5505	31.6514	-28.8991
30.5505	31.6514	-28.8991
27.4312	34.8624	-27.3394
25.9633	36.2385	-26.6055
25.9633	36.2385	-26.6055
25.9633	36.2385	-26.6055
25.9633	36.2385	-26.6055
25.9633	36.2385	-26.6055
20.8257	39.6330	-25.2294
19.3578	40.6422	-24.9541
19.3578	40.6422	-24.9541
19.3578	40.6422	-24.9541
19.3578	40.6422	-24.9541
19.3578	40.6422	-24.9541
9.9083	44.0367	-22.7523
9.9083	44.0367	-22.7523
7.4312	44.7706	-22.0183
7.4312	44.7706	-22.0183
7.4312	44.7706	-22.0183
7.4312	44.7706	-22.0183
-1.7431	45.0459	-21.1009
-5.7798	44.9541	-20.4587
-5.7798	44.9541	-20.4587
-5.7798	44.9541	-20.4587
-5.7798	44.9541	-20.4587
-5.7798	44.9541	-20.4587
-17.0642	42.1101	-17.0642
-21.2844	40.2752	-16.5138
-25.2294	37.8899	-15.8716
-25.2294	37.8899	-15.8716
-25.2294	37.8899	-15.8716
-25.2294	37.8899	-15.8716
-31.6514	32.6605	-13.4862
-33.3027	30.1835	-13.2110
-33.3027	30.1835	-13.2110
-33.3027	30.1835	-13.2110
-33.3027	30.1835	-13.2110
-33.3027	30.1835	-13.2110
-37.7064	23.5780	-12.7523
-37.7064	23.5780	-12.7523
-37.7064	23.5780	-12.7523
-37.7064	23.5780	-12.7523
-37.7064	23.5780	-12.7523
-37.7064	23.5780	-12.7523
-40.5505	17.1560	-14.0367
-40.7339	15.7798	-14.6789
-40.7339	15.7798	-14.6789
-40.7339	15.7798	-14.6789
-40.7339	15.7798	-14.6789
-40.7339	15.7798	-14.6789
-41.1009	13.1193	-17.4312
-41.2844	12.3853	-17.5229
-41.2844	12.3853	-17.5229
-41.2844	12.3853	-17.5229
-41.2844	12.3853	-17.5229
-41.2844	12.3853	-17.5229
-41.0092	11.8349	-18.7156
-41.0092	11.5596	-19.8165
-41.0092	11.5596	-19.8165
-41.0092	11.5596	-19.8165
-41.0092	11.5596	-19.8165
-41.0092	11.5596	-19.8165
-40.7339	9.5413	-22.4771
-40.7339	9.5413	-22.4771
-40.8257	9.2661	-22.5688
-40.8257	9.2661	-22.5688
-40.8257	9.2661	-22.5688
-40.8257	9.2661	-22.5688
-40.9174	10.0917	-21.8349
-40.9174	10.0917	-21.8349
-40.9174	10.0917	-21.8349
-40.9174	10.0917	-21.8349
-40.9174	10.0917	-21.8349
-40.9174	10.0917	-21.8349
-40.9174	10.0917	-21.8349
-40.9174	10.0917	-21.8349
-40.9174	10.0917	-21.8349
-40.9174	10.0917	-21.8349
-40.9174	10.0917	-21.8349
-40.9174	10.0917	-21.8349
-41.4679	5.6881	-20.6422
-41.1009	5.9633	-21.1927
-41.1009	5.9633	-21.1927
-41.1009	5.9633	-21.1927
-41.1009	5.9633	-21.1927
-41.1009	5.9633	-21.1927
-41.3761	5.3211	-21.1009
-41.1927	5.1376	-21.3761
-41.1927	4.8624	-21.6514
-41.1927	4.8624	-21.6514
-41.1927	4.8624	-21.6514
-41.1927	4.8624	-21.6514
-41.4679	3.0275	-20.7339
-41.4679	3.0275	-20.7339
-41.3761	2.3853	-20.5505
-41.3761	2.3853	-20.5505
-41.3761	2.3853	-20.5505
-41.3761	2.3853	-20.5505
-41.2844	1.0092	-21.1927
-41.2844	0.9174	-21.1009
-41.2844	0.9174	-21.1009
-41.2844	0.9174	-21.1009
-41.2844	0.9174	-21.1009
-41.2844	0.9174	-21.1009
-41.5596	1.8349	-18.8991
-41.9266	1.6514	-18.6239
-41.8349	1.5596	-18.8073
-41.8349	1.5596	-18.8073
-41.8349	1.5596	-18.8073
-41.8349	1.5596	-18.8073
-41.8349	1.3761	-18.2569
-41.8349	1.8349	-18.2569
-42.1101	2.1101	-18.0734
-42.1101	2.1101	-18.0734
-42.1101	2.1101	-18.0734
-42.1101	2.1101	-18.0734
-41.7431	1.8349	-19.4495
-41.7431	1.8349	-19.4495
-41.7431	1.8349	-19.4495
-41.7431	1.8349	-19.4495
-41.7431	1.8349	-19.4495
-41.7431	1.8349	-19.4495
-41.7431	1.8349	-19.4495
-41.3761	0.9174	-20.0917
-41.3761	0.9174	-20.0917
-41.3761	0.9174	-20.0917
-41.3761	0.9174	-20.0917
-41.3761	0.9174	-20.0917
-41.0092	-3.3945	-19.1743
-40.5505	-5.4128	-19.5413
-40.5505	-5.4128	-19.5413
-40.5505	-5.4128	-19.5413
-40.5505	-5.4128	-19.5413
-40.5505	-5.4128	-19.5413
-40.3670	-5.4128	-20.4587
-40.7339	-5.0459	-20.1835
-40.6422	-4.3119	-19.9083
-40.6422	-4.3119	-19.9083
-40.6422	-4.3119	-19.9083
-40.6422	-4.3119	-19.9083
-40.6422	-3.9450	-20.2752
-40.6422	-3.9450	-20.2752
-40.3670	-3.8532	-21.7431
-40.3670	-3.8532	-21.7431
-40.3670	-3.8532	-21.7431
-40.3670	-3.8532	-21.7431
-39.2661	-2.3853	-25.9633
-39.1743	-2.8440	-26.1468
-39.1743	-2.8440	-26.1468
-39.1743	-2.8440	-26.1468
-39.1743	-2.8440	-26.1468
-39.1743	-2.8440	-26.1468
-39.1743	-4.4037	-25.2294
-38.9908	-5.0459	-24.9541
-39.7248	-6.2385	-23.2110
-39.7248	-6.2385	-23.2110
-39.7248	-6.2385	-23.2110
-39.7248	-6.2385	-23.2110
-39.8165	-6.8807	-20.6422
-40.4587	-5.8716	-19.7248
-40.3670	-5.8716	-18.1651
-40.3670	-5.8716	-18.1651
-40.3670	-5.8716	-18.1651
-40.3670	-5.8716	-18.1651
-40.8257	-5.8716	-16.2385
-40.8257	-5.8716	-16.2385
-41.0092	-5.4128	-16.3303
-41.0092	-5.4128	-16.3303
-41.0092	-5.4128	-16.3303
-41.0092	-5.4128	-16.3303
-40.8257	-5.5963	-17.3395
-41.0092	-5.5963	-17.7064
-41.0092	-5.5963	-17.7064
-41.0092	-5.5963	-17.7064
-41.0092	-5.5963	-17.7064
-41.0092	-5.5963	-17.7064
-40.5505	-6.1468	-18.5321
-40.5505	-6.1468	-18.5321
-40.5505	-6.1468	-18.5321
-40.5505	-6.1468	-18.5321
-40.5505	-6.1468	-18.5321
-40.5505	-6.1468	-18.5321
-40.4587	-6.6972	-17.7064
-40.4587	-7.1560	-16.6972
-40.4587	-7.1560	-16.6972
-40.4587	-7.1560	-16.6972
-40.4587	-7.1560	-16.6972
-40.4587	-7.1560	-16.6972
-40.9174	-6.3303	-9.0826
-40.9174	-6.3303	-9.0826
-40.9174	-6.3303	-9.0826
-40.9174	-6.3303	-9.0826
-40.9174	-6.3303	-9.0826
-40.9174	-6.3303	-9.0826
-40.9174	-6.3303	-9.0826
-40.9174	-6.3303	-9.0826
-35.4128	3.2110	13.3945
-35.4128	3.2110	13.3945
-35.4128	3.2110	13.3945
-35.4128	3.2110	13.3945
-24.4037	12.7523	23.3028
-18.5321	16.6055	25.7798
-18.5321	16.6055	25.7798
-18.5321	16.6055	25.7798
-18.5321	16.6055	25.7798
-18.5321	16.6055	25.7798
-3.3028	22.2018	27.9817
0.0917	23.2110	27.6147
3.8532	24.3119	26.6055
3.8532	24.3119	26.6055
3.8532	24.3119	26.6055
3.8532	24.3119	26.6055
9.8165	26.3303	24.0367
12.3853	27.1560	22.6606
14.4954	27.9817	21.4679
14.4954	27.9817	21.4679
14.4954	27.9817	21.4679
23.3945	27.3394	16.1468
23.3945	27.3394	16.1468
23.3945	27.3394	16.1468
23.3945	27.3394	16.1468
23.3945	27.3394	16.1468
28.2569	22.6606	16.4220
28.9908	20.2752	17.3395
29.4495	18.7156	18.3486
29.4495	18.7156	18.3486
29.4495	18.7156	18.3486
29.4495	18.7156	18.3486
29.3578	17.0642	18.7156
29.3578	17.0642	18.7156
29.3578	17.0642	18.7156
29.3578	17.0642	18.7156
29.3578	17.0642	18.7156
29.3578	17.0642	18.7156
29.3578	17.0642	18.7156
29.3578	17.0642	18.7156
31.6514	14.3119	18.3486
31.6514	14.3119	18.3486
31.6514	14.3119	18.3486
31.6514	14.3119	18.3486
31.0092	11.9266	19.6330
31.3761	12.8440	18.9908
31.3761	12.8440	18.9908
31.3761	12.8440	18.9908
31.3761	12.8440	18.9908
31.3761	12.8440	18.9908
32.3853	10.4587	18.7156
33.3027	8.7156	18.6239
33.3945	7.3394	18.3486
33.3945	7.3394	18.3486
33.3945	7.3394	18.3486
33.3945	7.3394	18.3486
31.4679	7.5229	20.3670
30.6422	7.7064	21.0092
31.0092	7.7064	20.6422
31.0092	7.7064	20.6422
31.0092	7.7064	20.6422
31.0092	7.7064	20.6422
34.7706	7.5229	16.6055
34.7706	7.5229	16.6055
35.1376	6.9725	16.6972
35.1376	6.9725	16.6972
35.1376	6.9725	16.6972
35.1376	6.9725	16.6972
37.2477	10.4587	12.9358
38.0734	11.1927	11.2844
38.0734	11.1927	11.2844
38.0734	11.1927	11.2844
38.0734	11.1927	11.2844
39.2661	13.4862	7.2477
39.7248	13.4862	7.2477
39.7248	13.4862	7.2477
39.7248	13.4862	7.2477
39.7248	13.4862	7.2477
39.7248	13.4862	7.2477
43.6697	9.0826	0.9174
43.6697	9.0826	0.9174
44.5872	7.6147	-1.1009
44.5872	7.6147	-1.1009
44.5872	7.6147	-1.1009
44.5872	7.6147	-1.1009
45.8716	1.5596	-4.3119
46.0550	-0.8257	-5.8716
46.0550	-0.8257	-5.8716
46.0550	-0.8257	-5.8716
46.0550	-0.8257	-5.8716
46.0550	-0.8257	-5.8716
46.4220	-4.4037	-12.4771
46.0550	-5.5963	-15.5963
45.6881	-8.4404	-17.5229
45.6881	-8.4404	-17.5229
45.6881	-8.4404	-17.5229
45.6881	-8.4404	-17.5229
43.1193	-14.4037	-20.3670
42.5688	-15.5963	-21.3761
41.3761	-16.6972	-22.6606
41.3761	-16.6972	-22.6606
41.3761	-16.6972	-22.6606
41.3761	-16.6972	-22.6606
36.2385	-21.5596	-29.6330
36.2385	-21.5596	-29.6330
36.2385	-21.5596	-29.6330
36.2385	-21.5596	-29.6330
36.2385	-21.5596	-29.6330
36.2385	-21.5596	-29.6330
26.2385	-27.1560	-35.5963
22.9358	-28.7156	-36.6055
22.9358	-28.7156	-36.6055
22.9358	-28.7156	-36.6055
22.9358	-28.7156	-36.6055
22.9358	-28.7156	-36.6055
10.7339	-32.5688	-37.3394
10.7339	-32.5688	-37.3394
10.7339	-32.5688	-37.3394
10.7339	-32.5688	-37.3394
10.7339	-32.5688	-37.3394
10.7339	-32.5688	-37.3394
10.7339	-32.5688	-37.3394
10.7339	-32.5688	-37.3394
10.7339	-32.5688	-37.3394
10.7339	-32.5688	-37.3394
10.7339	-32.5688	-37.3394
-22.2936	-28.2569	-29.9083
-25.2294	-26.3303	-27.7982
-25.2294	-26.3303	-27.7982
-25.2294	-26.3303	-27.7982
-25.2294	-26.3303	-27.7982
-25.2294	-26.3303	-27.7982
-33.3945	-19.5413	-22.8440
-34.8624	-18.0734	-21.3761
-35.5963	-17.0642	-19.6330
-35.5963	-17.0642	-19.6330
-35.5963	-17.0642	-19.6330
-35.5963	-17.0642	-19.6330
-37.6147	-15.0459	-14.8624
-37.7064	-15.0459	-11.7431
-37.7064	-15.2294	-10.1835
-37.7064	-15.2294	-10.1835
-37.7064	-15.2294	-10.1835
-37.7064	-15.2294	-10.1835
-38.0734	-14.0367	-5.4128
-38.0734	-14.0367	-5.4128
-38.3486	-13.3945	-5.5963
-38.3486	-13.3945	-5.5963
-38.3486	-13.3945	-5.5963
-38.3486	-13.3945	-5.5963
-37.7064	-14.6789	-6.4220
-37.0642	-15.9633	-5.6881
-37.0642	-15.9633	-5.6881
-37.0642	-15.9633	-5.6881
-37.0642	-15.9633	-5.6881
-36.0550	-16.9725	-4.2202
-35.8716	-17.2477	-3.7615
-35.8716	-17.2477	-3.7615
-35.8716	-17.2477	-3.7615
-35.8716	-17.2477	-3.7615
-36.3303	-16.7890	-5.0459
-36.3303	-16.7890	-5.0459
-36.6972	-16.5138	-5.2294
-36.6972	-16.5138	-5.2294
-36.6972	-16.5138	-5.2294
-36.6972	-16.5138	-5.2294
-37.0642	-15.5963	-4.9541
-37.4312	-14.9541	-4.4954
-37.4312	-14.9541	-4.4954
-37.4312	-14.9541	-4.4954
-37.4312	-14.9541	-4.4954
-37.4312	-14.9541	-4.4954
-37.3394	-14.1284	-4.5872
-37.4312	-13.9450	-4.5872
-37.7982	-14.0367	-4.7706
-37.7982	-14.0367	-4.7706
-37.7982	-14.0367	-4.7706
-37.7982	-14.0367	-4.7706
-37.7064	-14.4037	-4.6789
-37.8899	-14.1284	-4.5872
-37.8899	-14.1284	-4.5872
-37.8899	-14.1284	-4.5872
-37.8899	-14.1284	-4.5872
-37.8899	-14.1284	-4.5872
-38.8073	-12.2936	-4.9541
-38.8073	-12.2936	-4.9541
-39.5413	-10.4587	-4.8624
-39.5413	-10.4587	-4.8624
-39.5413	-10.4587	-4.8624
-39.5413	-10.4587	-4.8624
-41.1009	-3.2110	-4.4954
-41.4679	-0.4587	-4.5872
-41.4679	-0.4587	-4.5872
-41.4679	-0.4587	-4.5872
-41.4679	-0.4587	-4.5872
-41.4679	-0.4587	-4.5872
-41.9266	8.0734	-4.4954
-41.9266	8.0734	-4.4954
-41.9266	8.0734	-4.4954
-41.9266	8.0734	-4.4954
-41.9266	8.0734	-4.4954
-41.9266	8.0734	-4.4954
-39.7248	17.9817	-5.5963
-39.1743	19.4495	-4.6789
-38.1651	21.4679	-3.3028
-38.1651	21.4679	-3.3028
-38.1651	21.4679	-3.3028
-38.1651	21.4679	-3.3028
-32.5688	29.4495	-1.1927
-32.5688	29.4495	-1.1927
-30.4587	32.4771	-2.1101
-30.4587	32.4771	-2.1101
-30.4587	32.4771	-2.1101
-30.4587	32.4771	-2.1101
-21.1927	39.8165	-3.0275
-17.0642	41.9266	-2.6606
-17.0642	41.9266	-2.6606
-17.0642	41.9266	-2.6606
-17.0642	41.9266	-2.6606
-17.0642	41.9266	-2.6606
-5.0459	43.9450	0.7339
-2.0183	43.7615	2.1101
-2.0183	43.7615	2.1101
-2.0183	43.7615	2.1101
-2.0183	43.7615	2.1101
-2.0183	43.7615	2.1101
0.7339	43.6697	2.6606
1.3761	43.5780	2.9358
2.1101	43.4862	3.1193
2.1101	43.4862	3.1193
2.1101	43.4862	3.1193
2.1101	43.4862	3.1193
4.9541	43.7615	2.5688
4.9541	43.7615	2.5688
4.9541	43.7615	2.5688
4.9541	43.7615	2.5688
4.9541	43.7615	2.5688
4.9541	43.7615	2.5688
4.9541	43.7615	2.5688
4.9541	43.7615	2.5688
13.6697	41.1927	3.8532
13.6697	41.1927	3.8532
13.6697	41.1927	3.8532
13.6697	41.1927	3.8532
17.2477	40.1835	3.4862
17.8899	40.0917	3.6697
17.8899	40.0917	3.6697
17.8899	40.0917	3.6697
17.8899	40.0917	3.6697
17.8899	40.0917	3.6697
23.3945	38.2569	-1.5596
23.3945	38.2569	-1.5596
23.3945	38.2569	-1.5596
23.3945	38.2569	-1.5596
23.3945	38.2569	-1.5596
23.3945	38.2569	-1.5596
23.3945	38.2569	-1.5596
36.6972	28.9908	-6.6055
36.6972	28.9908	-6.6055
36.6972	28.9908	-6.6055
36.6972	28.9908	-6.6055
36.6972	28.9908	-6.6055
41.7431	21.1009	-8.3486
41.7431	21.1009	-8.3486
42.4771	19.9083	-7.6147
42.4771	19.9083	-7.6147
42.4771	19.9083	-7.6147
42.4771	19.9083	-7.6147
44.8624	12.5688	-7.1560
45.3211	10.3670	-7.3394
45.3211	10.3670	-7.3394
45.3211	10.3670	-7.3394
45.3211	10.3670	-7.3394
45.3211	10.3670	-7.3394
46.3303	5.5963	-8.1651
46.3303	5.5963	-8.1651
46.3303	5.5963	-8.1651
46.3303	5.5963	-8.1651
46.3303	5.5963	-8.1651
46.3303	5.5963	-8.1651
46.3303	5.5963	-8.1651
46.3303	5.5963	-8.1651
46.3303	5.5963	-8.1651
46.3303	5.5963	-8.1651
46.3303	5.5963	-8.1651
46.3303	5.5963	-8.1651
43.3945	-13.5780	-4.8624
43.3945	-13.5780	-4.8624
42.3853	-15.3211	-4.5872
42.3853	-15.3211	-4.5872
42.3853	-15.3211	-4.5872
42.3853	-15.3211	-4.5872
38.6239	-20.4587	-1.1009
36.8807	-21.4679	0.9174
36.8807	-21.4679	0.9174
36.8807	-21.4679	0.9174
36.8807	-21.4679	0.9174
36.8807	-21.4679	0.9174
33.7615	-25.2294	2.6606
33.7615	-25.2294	2.6606
33.7615	-25.2294	2.6606
33.7615	-25.2294	2.6606
33.7615	-25.2294	2.6606
33.7615	-25.2294	2.6606
25.8716	-29.1743	7.5229
23.5780	-29.2661	9.5413
23.5780	-29.2661	9.5413
23.5780	-29.2661	9.5413
23.5780	-29.2661	9.5413
23.5780	-29.2661	9.5413
16.7890	-29.2661	14.5872
13.9450	-28.3486	16.5138
13.9450	-28.3486	16.5138
13.9450	-28.3486	16.5138
13.9450	-28.3486	16.5138
13.9450	-28.3486	16.5138
7.2477	-26.8807	20.0000
7.2477	-26.8807	20.0000
7.2477	-26.8807	20.0000
7.2477	-26.8807	20.0000
7.2477	-26.8807	20.0000
7.2477	-26.8807	20.0000
1.1927	-25.3211	21.5596
0.2752	-25.5046	22.0183
0.2752	-25.5046	22.0183
0.2752	-25.5046	22.0183
0.2752	-25.5046	22.0183
0.2752	-25.5046	22.0183
-2.3853	-27.8899	18.8073
-2.3853	-27.8899	18.8073
-2.3853	-27.8899	18.8073
-2.3853	-27.8899	18.8073
-2.3853	-27.8899	18.8073
-2.3853	-27.8899	18.8073
-2.3853	-27.8899	18.8073
-2.3853	-27.8899	18.8073
-2.3853	-27.8899	18.8073
-2.3853	-27.8899	18.8073
-2.3853	-27.8899	18.8073
-2.3853	-27.8899	18.8073
-13.6697	-31.9266	8.4404
-13.6697	-31.9266	8.4404
-13.9450	-32.9358	6.7890
-13.9450	-32.9358	6.7890
-13.9450	-32.9358	6.7890
-13.9450	-32.9358	6.7890
-17.0642	-33.2110	2.3853
-18.5321	-33.0275	0.7339
-18.5321	-33.0275	0.7339
-18.5321	-33.0275	0.7339
-18.5321	-33.0275	0.7339
-18.5321	-33.0275	0.7339
-23.8532	-29.8165	-0.1835
-26.1468	-28.0734	-0.0917
-31.8349	-22.4771	-2.0183
-31.8349	-22.4771	-2.0183
-33.3945	-21.0092	-2.9358
-33.3945	-21.0092	-2.9358
-33.3945	-21.0092	-2.9358
-33.3945	-21.0092	-2.9358
-37.3394	-15.2294	-5.5046
-38.1651	-13.8532	-6.2385
-38.1651	-13.8532	-6.2385
-38.1651	-13.8532	-6.2385
-38.1651	-13.8532	-6.2385
-38.1651	-13.8532	-6.2385
-41.4679	-5.5046	-11.7431
-41.8349	-1.1009	-12.0183
-42.4771	2.2018	-11.5596
-42.4771	2.2018	-11.5596
-42.4771	2.2018	-11.5596
-42.4771	2.2018	-11.5596
-42.5688	2.6606	-11.0092
-42.2936	1.1009	-10.0000
-41.9266	-0.7339	-9.6330
-41.9266	-0.7339	-9.6330
-41.9266	-0.7339	-9.6330
-41.9266	-0.7339	-9.6330
-41.4679	-3.3945	-8.2569
-41.4679	-3.3945	-8.2569
-41.7431	-4.2202	-8.9908
-41.7431	-4.2202	-8.9908
-41.7431	-4.2202	-8.9908
-41.4679	-4.5872	-9.2661
-41.5596	-4.0367	-9.0826
-41.7431	-4.0367	-8.7156
-41.7431	-4.0367	-8.7156
-41.7431	-4.0367	-8.7156
-41.7431	-4.0367	-8.7156
-41.3761	-3.9450	-7.3394
-41.3761	-3.9450	-7.3394
-41.3761	-3.9450	-7.3394
-41.3761	-3.9450	-7.3394
-41.3761	-3.9450	-7.3394
-41.3761	-3.9450	-7.3394
-41.2844	-4.2202	-5.4128
-41.2844	-4.2202	-5.4128
-41.2844	-4.2202	-5.1376
-41.2844	-4.2202	-5.1376
-41.2844	-4.2202	-5.1376
-41.2844	-4.2202	-5.1376
-41.1927	-4.4954	-6.0550
-41.4679	-4.4037	-6.4220
-41.4679	-4.4037	-6.4220
-41.4679	-4.4037	-6.4220
-41.4679	-4.4037	-6.4220
-41.4679	-4.4037	-6.4220
-41.4679	-4.4037	-6.4220
-41.2844	-4.6789	-7.2477
-41.2844	-4.6789	-7.2477
-41.2844	-4.6789	-7.2477
-41.2844	-4.6789	-7.2477
-41.2844	-4.6789	-7.2477
-41.2844	-4.6789	-7.2477
-41.1009	-5.0459	-7.7064
-41.1009	-5.0459	-7.7982
-41.1009	-5.0459	-7.7982
-41.1009	-5.0459	-7.7982
-41.1009	-5.0459	-7.7982
-41.1009	-5.0459	-7.7982
-41.3761	-4.6789	-7.7982
-41.3761	-4.6789	-7.7982
-41.3761	-4.6789	-7.7982
-41.3761	-4.6789	-7.7982
-41.3761	-4.6789	-7.7982
-41.3761	-4.6789	-7.7982
-41.3761	-4.6789	-7.7982
-41.3761	-4.6789	-7.7982
-41.3761	-4.6789	-7.7982
-41.3761	-4.6789	-7.7982
-41.3761	-4.6789	-7.7982
-41.3761	-4.6789	-7.7982
-41.2844	-5.1376	-8.0734
-41.2844	-5.1376	-8.0734
-41.3761	-5.4128	-8.7156
-41.3761	-5.4128	-8.7156
-41.3761	-5.4128	-8.7156
-41.3761	-5.4128	-8.7156
-41.2844	-5.5963	-9.3578
-41.1927	-5.5046	-9.3578
-41.1927	-5.5046	-9.3578
-41.1927	-5.5046	-9.3578
-41.1927	-5.5046	-9.3578
-41.1927	-5.5046	-9.3578
-41.4679	-5.3211	-9.4495
-41.4679	-5.3211	-9.4495
-41.4679	-5.3211	-9.4495
-41.4679	-5.3211	-9.4495
-41.4679	-5.3211	-9.4495
-41.4679	-5.3211	-9.4495
-41.2844	-5.4128	-9.5413
-41.3761	-5.4128	-9.4495
-41.2844	-5.6881	-9.8165
-41.2844	-5.6881	-9.8165
-41.2844	-5.6881	-9.8165
-41.2844	-5.6881	-9.8165
-41.1009	-5.5046	-8.8073
-41.1009	-5.5046	-8.8073
-41.0092	-6.1468	-7.1560
-41.0092	-6.1468	-7.1560
-41.0092	-6.1468	-7.1560
-41.0092	-6.1468	-7.1560
-39.0826	-4.4037	2.7523
-39.0826	-4.4037	2.7523
-37.7064	-3.5780	7.7064
-37.7064	-3.5780	7.7064
-37.7064	-3.5780	7.7064
-37.7064	-3.5780	7.7064
-30.0000	3.5780	20.0000
-26.9725	5.0459	22.9358
-26.9725	5.0459	22.9358
-26.9725	5.0459	22.9358
-26.9725	5.0459	22.9358
-26.9725	5.0459	22.9358
-17.2477	8.5321	28.5321
-14.4954	8.3486	29.7248
-11.9266	8.7156	30.3670
-11.9266	8.7156	30.3670
-11.9266	8.7156	30.3670
-11.9266	8.7156	30.3670
-5.6881	11.4679	31.3761
-2.6606	12.4771	31.5596
-2.6606	12.4771	31.5596
-2.6606	12.4771	31.5596
-2.6606	12.4771	31.5596
-2.6606	12.4771	31.5596
4.3119	14.4037	30.8257
4.3119	14.4037	30.8257
5.2294	14.0367	31.1927
5.2294	14.0367	31.1927
5.2294	14.0367	31.1927
5.2294	14.0367	31.1927
8.5321	10.8257	31.1009
9.5413	10.0917	31.1927
9.5413	10.0917	31.1927
9.5413	10.0917	31.1927
9.5413	10.0917	31.1927
9.5413	10.0917	31.1927
11.9266	8.9908	30.7339
11.9266	8.9908	30.7339
11.9266	8.9908	30.7339
11.9266	8.9908	30.7339
11.9266	8.9908	30.7339
11.9266	8.9908	30.7339
11.9266	8.9908	30.7339
11.9266	8.9908	30.7339
11.9266	8.9908	30.7339
11.9266	8.9908	30.7339
11.9266	8.9908	30.7339
11.9266	8.9908	30.7339
15.7798	7.5229	29.7248
15.7798	7.5229	29.7248
16.0550	7.9817	29.7248
16.0550	7.9817	29.7248
16.0550	7.9817	29.7248
16.0550	7.9817	29.7248
17.6147	6.6972	29.0826
17.7064	5.8716	29.1743
17.7064	5.8716	29.1743
17.7064	5.8716	29.1743
17.7064	5.8716	29.1743
17.7064	5.8716	29.1743
18.5321	6.7890	28.8991
18.5321	6.7890	28.8991
18.5321	6.7890	28.8991
18.5321	6.7890	28.8991
18.5321	6.7890	28.8991
18.5321	6.7890	28.8991
26.3303	5.1376	24.4954
27.5229	5.3211	23.7615
28.4404	4.7706	23.3945
28.4404	4.7706	23.3945
28.4404	4.7706	23.3945
28.4404	4.7706	23.3945
31.1927	2.2018	18.7156
33.9450	2.2018	18.7156
33.9450	2.2018	18.7156
33.9450	2.2018	18.7156
33.9450	2.2018	18.7156
33.9450	2.2018	18.7156
42.2936	0.4587	6.3303
42.2936	0.4587	6.3303
43.1193	-1.4679	4.4954
43.1193	-1.4679	4.4954
43.1193	-1.4679	4.4954
43.1193	-1.4679	4.4954
43.2110	-9.5413	-0.1835
42.5688	-12.7523	-1.8349
42.5688	-12.7523	-1.8349
42.5688	-12.7523	-1.8349
42.5688	-12.7523	-1.8349
42.5688	-12.7523	-1.8349
38.8991	-22.6606	-8.2569
37.8899	-23.8532	-11.0092
37.8899	-23.8532	-11.0092
37.8899	-23.8532	-11.0092
37.8899	-23.8532	-11.0092
31.5596	-30.4587	-17.8899
31.5596	-30.4587	-17.8899
29.3578	-32.0183	-20.0000
29.3578	-32.0183	-20.0000
29.3578	-32.0183	-20.0000
29.3578	-32.0183	-20.0000
29.3578	-32.0183	-20.0000
16.6972	-36.0550	-27.4312
16.6972	-36.0550	-27.4312
16.6972	-36.0550	-27.4312
16.6972	-36.0550	-27.4312
16.6972	-36.0550	-27.4312
16.6972	-36.0550	-27.4312
-2.2936	-35.7798	-31.1009
-6.6972	-35.1376	-30.1835
-6.6972	-35.1376	-30.1835
-6.6972	-35.1376	-30.1835
-6.6972	-35.1376	-30.1835
-6.6972	-35.1376	-30.1835
-19.6330	-30.4587	-28.7156
-19.6330	-30.4587	-28.7156
-19.6330	-30.4587	-28.7156
-19.6330	-30.4587	-28.7156
-19.6330	-30.4587	-28.7156
-31.9266	-20.8257	-23.8532
-31.9266	-20.8257	-23.8532
-33.7615	-19.4495	-22.2018
-33.7615	-19.4495	-22.2018
-33.7615	-19.4495	-22.2018
-33.7615	-19.4495	-22.2018
-36.6972	-15.9633	-18.4404
-38.0734	-13.8532	-16.9725
-38.0734	-13.8532	-16.9725
-38.0734	-13.8532	-16.9725
-38.0734	-13.8532	-16.9725
-38.0734	-13.8532	-16.9725
-40.4587	-8.1651	-9.6330
-40.4587	-7.5229	-7.2477
-40.5505	-6.1468	-5.4128
-40.5505	-6.1468	-5.4128
-40.5505	-6.1468	-5.4128
-40.5505	-6.1468	-5.4128
-40.8257	-3.4862	-2.4771
-40.9174	-2.4771	-1.7431
-40.9174	-1.0092	-0.8257
-40.9174	-1.0092	-0.8257
-40.9174	-1.0092	-0.8257
-40.9174	-1.0092	-0.8257
-41.1009	0.6422	0.0000
-41.1009	0.6422	0.0000
-41.1009	0.6422	-1.2844
-41.1009	0.6422	-1.2844
-41.1009	0.6422	-1.2844
-41.1009	0.6422	-1.2844
-41.8349	2.2936	-3.0275
-41.8349	1.3761	-4.2202
-41.8349	1.3761	-4.2202
-41.8349	1.3761	-4.2202
-41.8349	1.3761	-4.2202
-41.8349	1.3761	-4.2202
-41.5596	-3.5780	-4.9541
-40.6422	-5.6881	-4.2202
-40.6422	-5.6881	-4.2202
-40.6422	-5.6881	-4.2202
-40.6422	-5.6881	-4.2202
-40.6422	-5.6881	-4.2202
-39.3578	-9.9083	-5.0459
-39.4495	-10.9174	-5.3211
-39.0826	-10.7339	-4.8624
-39.0826	-10.7339	-4.8624
-39.0826	-10.7339	-4.8624
-39.0826	-10.7339	-4.8624
-39.0826	-10.1835	-3.0275
-39.0826	-10.1835	-3.0275
-39.4495	-9.8165	-3.1193
-39.4495	-9.8165	-3.1193
-39.4495	-9.8165	-3.1193
-39.4495	-9.8165	-3.1193
-40.5505	-6.2385	-4.2202
-40.5505	-6.2385	-4.2202
-40.5505	-6.2385	-4.2202
-40.5505	-6.2385	-4.2202
-40.5505	-6.2385	-4.2202
-40.5505	-6.2385	-4.2202
-40.7339	-3.8532	-2.9358
-40.7339	-4.5872	-2.2936
-40.7339	-4.5872	-2.2936
-40.7339	-4.5872	-2.2936
-40.7339	-4.5872	-2.2936
-40.7339	-4.5872	-2.2936
-40.3670	-7.6147	-2.8440
-39.7248	-8.4404	-3.2110
-39.7248	-8.3486	-2.6606
-39.7248	-8.3486	-2.6606
-39.7248	-8.3486	-2.6606
-39.7248	-8.3486	-2.6606
-39.8165	-7.2477	-2.2018
-40.0917	-6.8807	-2.4771
-40.0917	-6.8807	-2.4771
-40.0917	-6.8807	-2.4771
-40.0917	-6.8807	-2.4771
-40.0917	-6.8807	-2.4771
-40.3670	-7.0642	-3.0275
-40.3670	-7.0642	-3.0275
-40.0000	-7.3394	-2.7523
-40.0000	-7.3394	-2.7523
-40.0000	-7.3394	-2.7523
-40.0000	-7.3394	-2.7523
-39.8165	-8.4404	-3.2110
-39.7248	-8.0734	-2.9358
-39.7248	-8.0734	-2.9358
-39.7248	-8.0734	-2.9358
-39.7248	-8.0734	-2.9358
-39.7248	-8.3486	-3.4862
-40.1835	-7.9817	-3.9450
-39.9083	-7.7982	-4.4954
-40.4587	-7.7064	-5.7798
-40.4587	-7.7064	-5.7798
-40.4587	-7.7064	-5.7798
-40.8257	-7.4312	-7.9817
-40.8257	-7.4312	-7.9817
-40.8257	-7.4312	-9.2661
-40.8257	-7.4312	-9.2661
-40.8257	-7.4312	-9.2661
-40.8257	-7.4312	-9.2661
-40.8257	-6.4220	-14.0367
-40.8257	-5.2294	-16.1468
-40.8257	-5.2294	-16.1468
-40.8257	-5.2294	-16.1468
-40.8257	-5.2294	-16.1468
-40.8257	-5.2294	-16.1468
-41.3761	-1.1927	-17.9817
-41.9266	0.5505	-18.0734
-41.7431	1.5596	-18.5321
-41.7431	1.5596	-18.5321
-41.7431	1.5596	-18.5321
-41.7431	1.5596	-18.5321
-41.6514	1.8349	-19.1743
-41.7431	2.2936	-18.8991
-41.7431	2.2936	-18.8991
-41.7431	2.2936	-18.8991
-41.7431	2.2936	-18.8991
-41.7431	2.2936	-18.8991
-41.2844	2.2936	-20.0917
-41.2844	2.2936	-20.0917
-41.2844	2.2936	-20.0917
-41.2844	2.2936	-20.0917
-41.2844	2.2936	-20.0917
-41.2844	2.2936	-20.0917
-41.2844	1.3761	-20.3670
-41.6514	1.2844	-20.1835
-41.6514	1.2844	-20.1835
-41.6514	1.2844	-20.1835
-41.6514	1.2844	-20.1835
-41.6514	1.2844	-20.1835
-41.7431	2.2936	-18.8991
-41.7431	2.2936	-18.8991
-41.7431	2.2936	-18.8991
-41.7431	2.2936	-18.8991
-41.7431	2.2936	-18.8991
-41.7431	2.2936	-18.8991
-41.4679	0.8257	-19.6330
-41.7431	-0.0917	-19.8165
-41.2844	-0.1835	-19.7248
-41.2844	-0.1835	-19.7248
-41.2844	-0.1835	-19.7248
-41.2844	-0.1835	-19.7248
-41.2844	-0.1835	-19.7248
-41.1927	-0.5505	-19.8165
-41.1927	-0.2752	-19.7248
-41.1927	-0.2752	-19.7248
-41.1927	-0.2752	-19.7248
-41.1927	-0.2752	-19.7248
-41.2844	-0.1835	-19.9083
-41.2844	-0.1835	-19.9083
-41.2844	-0.0917	-20.0917
-41.2844	-0.0917	-20.0917
-41.2844	-0.0917	-20.0917
-41.2844	-0.0917	-20.0917
-41.2844	-0.0917	-20.0917
-41.3761	0.1835	-19.6330
-41.3761	0.1835	-19.6330
-41.3761	0.1835	-19.6330
-41.3761	0.1835	-19.6330
-41.3761	0.1835	-19.6330
-41.3761	0.1835	-19.6330
-41.0092	-0.4587	-20.6422
-41.0092	-0.1835	-21.1009
-41.0092	-0.1835	-21.1009
-41.0092	-0.1835	-21.1009
-41.0092	-0.1835	-21.1009
-41.0092	-0.1835	-21.1009
-40.9174	-0.4587	-21.9266
-40.9174	-0.4587	-21.9266
-40.9174	-0.4587	-21.9266
-40.9174	-0.4587	-21.9266
-40.9174	-0.4587	-21.9266
-40.9174	-0.4587	-21.9266
-40.5505	-0.8257	-22.2936
-40.9174	-0.5505	-22.4771
-40.8257	-0.7339	-22.3853
-40.8257	-0.7339	-22.3853
-40.8257	-0.7339	-22.3853
-40.8257	-0.7339	-22.3853
-40.6422	-0.6422	-22.3853
-40.6422	-0.6422	-22.3853
-40.7339	-0.8257	-22.3853
-40.7339	-0.8257	-22.3853
-40.7339	-0.8257	-22.3853
-40.7339	-0.8257	-22.3853
-40.6422	-0.6422	-22.4771
-40.6422	-0.6422	-22.4771
-40.6422	-0.6422	-22.4771
-40.6422	-0.6422	-22.4771
-40.6422	-0.6422	-22.4771
-40.6422	-0.6422	-22.4771
-40.8257	-0.9174	-22.4771
-40.8257	-0.8257	-22.4771
-40.8257	-0.8257	-22.4771
-40.8257	-0.8257	-22.4771
-40.8257	-0.8257	-22.4771
-40.8257	-0.8257	-22.4771
-40.6422	-1.1009	-22.7523
-40.6422	-1.1009	-22.7523
-40.6422	-1.1009	-22.7523
-40.6422	-1.1009	-22.7523
-40.6422	-1.1009	-22.7523
-40.6422	-1.1009	-22.7523
-40.7339	-0.6422	-22.4771
-40.6422	-0.4587	-22.4771
-41.1009	-0.8257	-22.6606
-41.1009	-0.8257	-22.6606
-41.1009	-0.8257	-22.6606
-41.1009	-0.8257	-22.6606
-40.8257	-2.2018	-21.6514
-40.8257	-2.2018	-21.6514
-40.8257	-2.2018	-21.6514
-40.8257	-2.2018	-21.6514
-40.8257	-2.2018	-21.6514
-40.8257	-2.2018	-21.6514
-40.9174	-2.3853	-20.4587
-40.6422	-2.8440	-20.7339
-40.6422	-2.8440	-20.7339
-40.6422	-2.8440	-20.7339
-40.6422	-2.8440	-20.7339
-40.6422	-2.8440	-20.7339
-40.3670	-4.7706	-20.1835
-40.3670	-4.7706	-20.1835
-40.3670	-4.7706	-20.1835
-40.3670	-4.7706	-20.1835
-40.3670	-4.7706	-20.1835
-40.3670	-4.7706	-20.1835
-40.3670	-4.7706	-20.1835
-40.3670	-4.7706	-20.1835
-40.3670	-4.7706	-20.1835
-40.3670	-4.7706	-20.1835
-40.3670	-4.7706	-20.1835
-40.3670	-4.7706	-20.1835
-40.3670	-4.7706	-20.1835
-40.3670	-4.7706	-20.1835
-40.3670	-4.7706	-20.1835
-40.3670	-4.7706	-20.1835
-40.3670	-4.7706	-20.1835
-41.8349	-1.2844	-6.3303
-41.8349	-0.6422	-6.4220
-41.8349	-0.6422	-6.4220
-41.8349	-0.6422	-6.4220
-41.8349	-0.6422	-6.4220
-41.8349	-0.6422	-6.4220
-41.7431	-1.1927	-4.9541
-41.7431	-1.1927	-4.9541
-41.7431	-1.1927	-4.9541
-41.7431	-1.1927	-4.9541
-41.7431	-1.1927	-4.9541
-41.3761	-1.7431	-3.3945
-41.2844	-2.2018	-3.5780
-41.2844	-2.2018	-3.5780
-41.2844	-2.2018	-3.5780
-41.2844	-2.2018	-3.5780
-41.2844	-2.2018	-3.5780
-41.6514	1.9266	-4.4954
-41.8349	1.9266	-4.4954
-41.8349	1.9266	-4.4954
-41.8349	1.9266	-4.4954
-41.8349	1.9266	-4.4954
-41.8349	1.9266	-4.4954
-42.1101	4.8624	-5.8716
-42.1101	4.8624	-5.8716
-42.1101	4.8624	-5.8716
-42.1101	4.8624	-5.8716
-42.1101	4.8624	-5.8716
-42.1101	4.8624	-5.8716
-41.9266	8.9908	-8.8991
-41.9266	9.7248	-9.7248
-41.9266	9.7248	-9.7248
-41.9266	9.7248	-9.7248
-41.9266	9.7248	-9.7248
-41.9266	9.7248	-9.7248
-42.1101	8.8073	-11.9266
-42.2018	8.8991	-12.5688
-42.2018	8.8991	-12.5688
-42.2018	8.8991	-12.5688
-42.2018	8.8991	-12.5688
-42.2018	8.8991	-12.5688
-42.3853	7.9817	-15.1376
-41.9266	7.1560	-15.7798
-42.4771	6.3303	-16.0550
-42.4771	6.3303	-16.0550
-42.4771	6.3303	-16.0550
-42.4771	6.3303	-16.0550
-42.2936	5.2294	-16.4220
-42.2936	5.2294	-16.4220
-42.2936	5.2294	-16.4220
-42.2936	5.2294	-16.4220
-42.2936	5.2294	-16.4220
-42.2936	5.2294	-16.4220
-42.0183	4.8624	-18.8073
-41.9266	4.7706	-19.1743
-41.9266	4.7706	-19.1743
-41.9266	4.7706	-19.1743
-41.9266	4.7706	-19.1743
-41.9266	4.7706	-19.1743
-41.9266	5.6881	-17.7064
-41.9266	5.6881	-17.7064
-41.9266	5.6881	-17.7064
-41.9266	5.6881	-17.7064
-41.9266	5.6881	-17.7064
-41.9266	5.6881	-17.7064
-42.4771	8.0734	-14.3119
-42.2936	8.7156	-14.3119
-42.1101	8.5321	-14.1284
-42.1101	8.5321	-14.1284
-42.1101	8.5321	-14.1284
-42.1101	8.5321	-14.1284
-42.2936	8.8073	-13.1193
-42.3853	9.0826	-12.9358
-42.3853	9.0826	-12.9358
-42.3853	9.0826	-12.9358
-42.3853	9.0826	-12.9358
-42.2936	9.8165	-12.6606
-42.2936	9.8165	-12.6606
-42.1101	9.4495	-13.1193
-42.1101	9.4495	-13.1193
-42.1101	9.4495	-13.1193
-42.1101	9.4495	-13.1193
-42.2018	8.1651	-14.3119
-42.2018	6.9725	-13.8532
-42.2018	6.9725	-13.8532
-42.2018	6.9725	-13.8532
-42.2018	6.9725	-13.8532
-42.2018	6.9725	-13.8532
-42.4771	6.4220	-12.1101
-42.2936	6.9725	-11.4679
-42.3853	7.7064	-10.4587
-42.3853	7.7064	-10.4587
-42.3853	7.7064	-10.4587
-42.3853	7.7064	-10.4587
-42.2936	8.2569	-9.3578
-42.2936	8.7156	-9.9083
-42.1101	8.3486	-10.6422
-42.1101	8.3486	-10.6422
-42.1101	8.3486	-10.6422
-42.1101	8.3486	-10.6422
-42.2018	7.5229	-11.9266
-42.2018	7.5229	-11.9266
-42.2018	7.7064	-13.3945
-42.2018	7.7064	-13.3945
-42.2018	7.7064	-13.3945
-42.2018	7.7064	-13.3945
-42.2018	6.6972	-14.3119
-42.2018	6.3303	-14.3119
-42.2018	6.3303	-14.3119
-42.2018	6.3303	-14.3119
-42.2018	6.3303	-14.3119
-42.2018	6.3303	-14.3119
-42.2936	7.0642	-13.3028
-42.2936	7.0642	-13.3028
-42.2936	7.0642	-13.3028
-42.2936	7.0642	-13.3028
-42.2936	7.0642	-13.3028
-42.2936	7.0642	-13.3028
-42.2936	7.0642	-13.3028
-42.2936	7.0642	-13.3028
-42.2936	7.0642	-13.3028
-42.2936	7.0642	-13.3028
-42.2936	7.0642	-13.3028
-42.2936	7.0642	-13.3028
-42.2018	6.5138	-15.0459
-42.2018	6.5138	-15.0459
-42.3853	6.1468	-15.4128
-42.3853	6.1468	-15.4128
-42.3853	6.1468	-15.4128
-42.3853	6.1468	-15.4128
-41.9266	6.3303	-15.6881
-42.1101	6.7890	-15.6881
-42.1101	6.7890	-15.6881
-42.1101	6.7890	-15.6881
-42.1101	6.7890	-15.6881
-42.1101	6.7890	-15.6881
-41.4679	11.3761	-15.8716
-41.4679	11.3761	-15.8716
-41.4679	11.3761	-15.8716
-41.4679	11.3761	-15.8716
-41.4679	11.3761	-15.8716
-41.4679	11.3761	-15.8716
-37.5229	24.0367	-16.2385
-35.1376	27.2477	-15.5046
-33.3027	30.0000	-15.5046
-33.3027	30.0000	-15.5046
-33.3027	30.0000	-15.5046
-33.3027	30.0000	-15.5046
-33.3027	30.0000	-15.5046
-24.9541	37.7982	-13.4862
-22.1101	40.1835	-11.8349
-22.1101	40.1835	-11.8349
-22.1101	40.1835	-11.8349
-22.1101	40.1835	-11.8349
-22.1101	40.1835	-11.8349
-12.7523	44.0367	-11.0092
-10.2752	44.9541	-12.3853
-10.2752	44.9541	-12.3853
-10.2752	44.9541	-12.3853
-10.2752	44.9541	-12.3853
-0.4587	46.0550	-16.4220
1.8349	45.5963	-18.3486
1.8349	45.5963	-18.3486
5.2294	45.3211	-20.5505
9.6330	44.2202	-22.8440
14.2202	42.2936	-24.4954
14.2202	42.2936	-24.4954
19.2661	40.0917	-26.2385
23.5780	37.7064	-26.9725
23.5780	37.7064	-26.9725
26.7890	35.1376	-27.7982
30.0917	32.2936	-28.4404
33.3027	29.1743	-28.8991
33.3027	29.1743	-28.8991
35.8716	26.0550	-29.2661
37.2477	23.2110	-29.7248
38.5321	20.4587	-29.9083
38.5321	20.4587	-29.9083
40.0000	17.7064	-30.8257
41.1927	13.9450	-31.5596
41.1927	13.9450	-31.5596
41.7431	9.5413	-32.8440
42.2936	5.3211	-33.3027
42.4771	0.9174	-33.3945
42.4771	0.9174	-33.3945
42.3853	-2.4771	-32.6605
42.2018	-5.7798	-32.5688
41.0092	-10.2752	-32.0183
41.0092	-10.2752	-32.0183
41.0092	-10.2752	-32.0183
41.0092	-10.2752	-32.0183
39.5413	-16.8807	-29.0826
39.0826	-19.3578	-26.9725
38.0734	-21.6514	-24.4954
38.0734	-21.6514	-24.4954
38.0734	-21.6514	-24.4954
38.0734	-21.6514	-24.4954
32.7523	-29.8165	-15.4128
32.7523	-29.8165	-15.4128
29.7248	-32.4771	-13.2110
29.7248	-32.4771	-13.2110
29.7248	-32.4771	-13.2110
29.7248	-32.4771	-13.2110
18.8991	-37.3394	-6.6972
15.3211	-38.5321	-5.7798
15.3211	-38.5321	-5.7798
15.3211	-38.5321	-5.7798
15.3211	-38.5321	-5.7798
15.3211	-38.5321	-5.7798
6.3303	-39.7248	-4.3119
3.3945	-39.8165	-4.2202
3.3945	-39.8165	-4.2202
3.3945	-39.8165	-4.2202
3.3945	-39.8165	-4.2202
3.3945	-39.8165	-4.2202
-3.9450	-38.8991	-3.3945
-5.9633	-38.6239	-3.4862
-7.5229	-37.9817	-3.6697
-7.5229	-37.9817	-3.6697
-7.5229	-37.9817	-3.6697
-7.5229	-37.9817	-3.6697
-12.8440	-36.4220	-3.5780
-12.8440	-36.4220	-3.5780
-15.3211	-35.7798	-4.2202
-15.3211	-35.7798	-4.2202
-15.3211	-35.7798	-4.2202
-15.3211	-35.7798	-4.2202
-20.0000	-33.3945	-5.0459
-20.0000	-33.3945	-5.0459
-20.0000	-33.3945	-5.0459
-20.0000	-33.3945	-5.0459
-20.0000	-33.3945	-5.0459
-20.0000	-33.3945	-5.0459
-23.1193	-31.6514	-6.4220
-23.5780	-31.1009	-5.9633
-23.5780	-31.1009	-5.9633
-23.5780	-31.1009	-5.9633
-23.5780	-31.1009	-5.9633
-23.5780	-31.1009	-5.9633
-24.2202	-30.6422	-7.1560
-24.2202	-30.6422	-7.1560
-24.2202	-30.6422	-7.1560
-24.2202	-30.6422	-7.1560
-24.2202	-30.6422	-7.1560
-24.2202	-30.6422	-7.1560
-30.0917	-26.0550	-7.2477
-32.4771	-22.9358	-5.9633
-34.4037	-20.0917	-5.0459
-34.4037	-20.0917	-5.0459
-34.4037	-20.0917	-5.0459
-34.4037	-20.0917	-5.0459
-38.6239	-13.2110	-4.7706
-38.6239	-13.2110	-4.7706
-38.8073	-11.5596	-5.7798
-38.8073	-11.5596	-5.7798
-38.8073	-11.5596	-5.7798
-38.8073	-11.5596	-5.7798
-40.8257	-7.0642	-9.4495
-41.1927	-5.9633	-10.1835
-41.1927	-5.9633	-10.1835
-41.1927	-5.9633	-10.1835
-41.1927	-5.9633	-10.1835
-41.1927	-5.9633	-10.1835
-41.8349	-3.3945	-11.0092
-41.8349	-3.3945	-11.0092
-41.8349	-3.3945	-11.0092
-41.8349	-3.3945	-11.0092
-41.8349	-3.3945	-11.0092
-41.8349	-3.3945	-11.0092
-42.2936	-1.0092	-10.0917
-42.2936	-0.3670	-10.0917
-42.4771	0.0000	-9.8165
-42.4771	0.0000	-9.8165
-42.4771	0.0000	-9.8165
-42.4771	0.0000	-9.8165
-42.2936	-0.0917	-10.6422
-42.2936	-0.0917	-10.6422
-42.2936	-0.1835	-10.9174
-42.2936	-0.1835	-10.9174
-42.2936	-0.1835	-10.9174
-42.2936	-0.1835	-10.9174
-42.0183	-0.3670	-10.9174
-42.1101	-0.2752	-11.1009
-42.1101	-0.2752	-11.1009
-42.1101	-0.2752	-11.1009
-42.1101	-0.2752	-11.1009
-42.1101	-0.2752	-11.1009
-42.2018	-0.0917	-10.8257
-42.2018	-0.0917	-10.8257
-42.2018	-0.0917	-10.8257
-42.2018	-0.0917	-10.8257
-42.2018	-0.0917	-10.8257
-42.2018	-0.0917	-10.8257
-42.2936	0.3670	-11.0092
-42.2936	0.8257	-10.9174
-42.2936	0.8257	-10.9174
-42.2936	0.8257	-10.9174
-42.2936	0.8257	-10.9174
-42.2936	0.8257	-10.9174
-42.2018	1.1009	-11.8349
-42.2936	1.1009	-11.8349
-42.2936	1.1009	-11.8349
-42.2936	1.1009	-11.8349
-42.2936	1.1009	-11.8349
-42.2936	1.1009	-11.8349
-42.2936	0.8257	-11.7431
-42.2936	0.8257	-11.7431
-42.2018	1.1009	-11.7431
-42.2018	1.1009	-11.7431
-42.2018	1.1009	-11.7431
-42.2018	1.1009	-11.7431
-42.5688	1.1927	-11.9266
-42.2936	0.9174	-12.0183
-42.2936	0.9174	-12.0183
-42.2936	0.9174	-12.0183
-42.2936	0.9174	-12.0183
-42.2936	0.9174	-12.0183
-42.2936	0.8257	-12.3853
-42.2936	0.8257	-12.3853
-42.2936	0.8257	-12.3853
-42.2936	0.8257	-12.3853
-42.2936	0.8257	-12.3853
-42.2936	0.8257	-12.3853
-42.3853	0.4587	-12.4771
-42.2018	0.7339	-12.6606
-42.4771	0.5505	-12.4771
-42.4771	0.5505	-12.4771
-42.4771	0.5505	-12.4771
-42.4771	0.5505	-12.4771
-42.1101	0.6422	-12.9358
-42.1101	0.6422	-12.9358
-42.1101	0.6422	-12.9358
-42.1101	0.6422	-12.9358
-42.1101	0.6422	-12.9358
-42.1101	0.6422	-12.9358
-42.3853	0.8257	-12.8440
-42.4771	0.9174	-12.9358
-42.4771	0.9174	-12.9358
-42.4771	0.9174	-12.9358
-42.4771	0.9174	-12.9358
-42.4771	0.9174	-12.9358
-42.5688	1.2844	-12.8440
-42.2936	1.0092	-12.7523
-42.2936	1.0092	-12.7523
-42.2936	1.0092	-12.7523
-42.2936	1.0092	-12.7523
-42.2936	1.0092	-12.7523
-42.2936	1.7431	-12.2936
-42.3853	1.4679	-11.8349
-42.3853	1.4679	-11.8349
-42.3853	1.4679	-11.8349
-42.3853	1.4679	-11.8349
-42.3853	1.4679	-11.8349
-40.5505	1.5596	1.4679
-40.5505	1.5596	1.4679
-38.8073	1.1009	6.3303
-38.8073	1.1009	6.3303
-38.8073	1.1009	6.3303
-38.8073	1.1009	6.3303
-31.1927	-0.7339	18.0734
-27.8899	-1.7431	21.5596
-27.8899	-1.7431	21.5596
-27.8899	-1.7431	21.5596
-27.8899	-1.7431	21.5596
-27.8899	-1.7431	21.5596
-20.0917	-2.9358	26.6972
-16.9725	-3.6697	28.4404
-16.9725	-3.6697	28.4404
-16.9725	-3.6697	28.4404
-16.9725	-3.6697	28.4404
-16.9725	-3.6697	28.4404
-10.7339	-3.9450	30.7339
-10.0000	-3.6697	30.9174
-10.0000	-3.6697	30.9174
-10.0000	-3.6697	30.9174
-10.0000	-3.6697	30.9174
-10.0000	-3.6697	30.9174
-8.9908	-3.2110	31.1927
-8.8073	-3.3028	31.1009
-8.8991	-3.8532	31.1009
-8.8991	-3.8532	31.1009
-8.8991	-3.8532	31.1009
-8.8991	-3.8532	31.1009
-8.3486	-5.7798	30.9174
-8.3486	-5.7798	30.9174
-8.3486	-5.7798	30.9174
-8.3486	-5.7798	30.9174
-8.3486	-5.7798	30.9174
-8.3486	-5.7798	30.9174
-6.6055	-7.9817	30.5505
-6.2385	-9.3578	30.2752
-6.2385	-9.3578	30.2752
-6.2385	-9.3578	30.2752
-6.2385	-9.3578	30.2752
-6.2385	-9.3578	30.2752
-6.2385	-9.3578	30.2752
-1.1009	-12.4771	29.9083
1.6514	-14.3119	29.1743
1.6514	-14.3119	29.1743
1.6514	-14.3119	29.1743
1.6514	-14.3119	29.1743
1.6514	-14.3119	29.1743
9.2661	-16.6055	27.2477
9.2661	-16.6055	27.2477
9.2661	-16.6055	27.2477
9.2661	-16.6055	27.2477
9.2661	-16.6055	27.2477
9.2661	-16.6055	27.2477
20.0000	-18.7156	22.1101
23.2110	-18.1651	20.9174
25.5963	-17.6147	19.2661
25.5963	-17.6147	19.2661
25.5963	-17.6147	19.2661
25.5963	-17.6147	19.2661
28.9908	-16.8807	16.5138
29.0826	-17.3395	16.5138
29.0826	-17.3395	16.5138
29.0826	-17.3395	16.5138
29.0826	-17.3395	16.5138
29.0826	-17.3395	16.5138
29.5413	-10.5505	20.3670
29.5413	-10.5505	20.3670
29.5413	-10.5505	20.3670
29.5413	-10.5505	20.3670
29.5413	-10.5505	20.3670
29.5413	-10.5505	20.3670
31.5596	-11.1009	18.1651
32.9358	-9.9083	17.4312
32.9358	-9.9083	17.4312
32.9358	-9.9083	17.4312
32.9358	-9.9083	17.4312
32.9358	-9.9083	17.4312
36.8807	-5.2294	13.8532
36.8807	-5.2294	13.8532
36.8807	-5.2294	13.8532
36.8807	-5.2294	13.8532
36.8807	-5.2294	13.8532
36.8807	-5.2294	13.8532
36.8807	-5.2294	13.8532
36.8807	-5.2294	13.8532
36.8807	-5.2294	13.8532
36.8807	-5.2294	13.8532
36.8807	-5.2294	13.8532
36.8807	-5.2294	13.8532
46.0550	-5.1376	-8.8991
46.0550	-5.1376	-8.8991
46.5138	-5.1376	-12.4771
46.5138	-5.1376	-12.4771
46.5138	-5.1376	-12.4771
45.7798	-5.0459	-19.4495
45.4128	-4.7706	-22.8440
44.8624	-4.5872	-25.2294
44.8624	-4.5872	-25.2294
44.8624	-4.5872	-25.2294
44.8624	-4.5872	-25.2294
43.7615	-4.1284	-28.5321
43.5780	-3.9450	-29.1743
43.2110	-4.0367	-30.0917
43.2110	-4.0367	-30.0917
43.2110	-4.0367	-30.0917
43.2110	-4.0367	-30.0917
41.5596	-3.2110	-34.4037
41.5596	-3.2110	-34.4037
40.6422	-3.9450	-35.3211
40.6422	-3.9450	-35.3211
40.6422	-3.9450	-35.3211
40.6422	-3.9450	-35.3211
39.2661	-6.1468	-37.1560
38.1651	-6.8807	-38.4404
38.1651	-6.8807	-38.4404
38.1651	-6.8807	-38.4404
38.1651	-6.8807	-38.4404
38.1651	-6.8807	-38.4404
33.4862	-8.8073	-43.1193
32.2936	-9.1743	-44.4037
31.0092	-9.3578	-45.1376
31.0092	-9.3578	-45.1376
31.0092	-9.3578	-45.1376
29.7248	-9.1743	-46.7890
29.7248	-9.1743	-46.7890
29.2661	-9.8165	-46.6055
28.6239	-10.0917	-47.0642
28.6239	-10.0917	-47.0642
28.6239	-10.0917	-47.0642
26.6055	-8.7156	-48.8073
25.6881	-8.6239	-49.8165
25.6881	-8.6239	-49.8165
25.6881	-8.6239	-49.8165
25.6881	-8.6239	-49.8165
23.4862	-7.1560	-51.3761
23.4862	-7.1560	-51.3761
21.9266	-7.0642	-51.9266
19.8165	-7.2477	-52.9358
19.8165	-7.2477	-52.9358
16.8807	-8.2569	-53.5780
14.2202	-10.4587	-53.7615
11.0092	-11.4679	-53.9449
11.0092	-11.4679	-53.9449
7.7982	-12.3853	-53.9449
4.4037	-12.9358	-53.9449
1.1927	-13.4862	-54.0367
1.1927	-13.4862	-54.0367
-2.2018	-13.2110	-53.4862
-2.2018	-13.2110	-53.4862
-2.2018	-13.2110	-53.4862
-9.1743	-12.2936	-52.3853
-12.2936	-12.2018	-51.0092
-15.1376	-12.2936	-49.7248
-15.1376	-12.2936	-49.7248
-15.1376	-12.2936	-49.7248
-15.1376	-12.2936	-49.7248
-20.0000	-12.2018	-47.1560
-21.4679	-11.5596	-46.0550
-22.8440	-11.1927	-45.3211
-22.8440	-11.1927	-45.3211
-22.8440	-11.1927	-45.3211
-25.1376	-7.0642	-45.1376
-25.1376	-7.0642	-45.1376
-25.1376	-7.0642	-45.1376
-25.1376	-7.0642	-45.1376
-25.1376	-7.0642	-45.1376
-25.1376	-7.0642	-45.1376
-28.0734	-4.9541	-43.0275
-29.0826	-4.4954	-42.2018
-29.0826	-4.4954	-42.2018
-29.0826	-4.4954	-42.2018
-29.0826	-4.4954	-42.2018
-29.0826	-4.4954	-42.2018
-32.5688	-3.4862	-38.3486
-32.5688	-3.4862	-38.3486
-32.5688	-3.4862	-38.3486
-32.5688	-3.4862	-38.3486
-32.5688	-3.4862	-38.3486
-32.5688	-3.4862	-38.3486
-36.3303	-0.0917	-33.5780
-37.4312	0.2752	-31.6514
-37.4312	0.2752	-31.6514
-37.4312	0.2752	-31.6514
-37.4312	0.2752	-31.6514
-37.4312	0.2752	-31.6514
-39.7248	0.7339	-26.9725
-39.8165	0.2752	-25.7798
-39.8165	0.2752	-25.7798
-39.8165	0.2752	-25.7798
-39.8165	0.2752	-25.7798
-39.8165	0.2752	-25.7798
-41.4679	3.4862	-20.0917
-41.4679	3.4862	-20.0917
-41.4679	3.4862	-20.0917
-41.4679	3.4862	-20.0917
-41.4679	3.4862	-20.0917
-41.4679	3.4862	-20.0917
-42.3853	6.7890	-10.1835
-42.3853	6.4220	-7.9817
-42.3853	6.4220	-7.9817
-42.3853	6.4220	-7.9817
-42.3853	6.4220	-7.9817
-42.3853	6.4220	-7.9817
-42.3853	4.0367	-6.7890
-42.4771	3.7615	-8.2569
-42.4771	3.7615	-8.2569
-42.4771	3.7615	-8.2569
-42.4771	3.7615	-8.2569
-42.4771	3.7615	-8.2569
-42.5688	4.1284	-11.9266
-42.5688	4.4037	-12.7523
-42.5688	4.6789	-13.9450
-42.5688	4.6789	-13.9450
-42.5688	4.6789	-13.9450
-42.5688	4.6789	-13.9450
-42.2018	5.5046	-15.1376
-42.2018	5.5046	-15.1376
-42.2018	5.5046	-15.1376
-42.2018	5.5046	-15.1376
-42.2018	5.5046	-15.1376
-42.2018	5.5046	-15.1376
-42.3853	5.8716	-14.7706
-42.1101	6.3303	-14.8624
-42.1101	6.3303	-14.8624
-42.1101	6.3303	-14.8624
-42.1101	6.3303	-14.8624
-42.1101	6.3303	-14.8624
-42.2936	5.2294	-14.8624
-42.2936	5.2294	-14.8624
-42.2936	5.2294	-14.8624
-42.2936	5.2294	-14.8624
-42.2936	5.2294	-14.8624
-42.2936	5.2294	-14.8624
-42.2018	3.1193	-15.5963
-42.1101	3.2110	-15.9633
-42.2018	3.1193	-15.7798
-42.2018	3.1193	-15.7798
-42.2018	3.1193	-15.7798
-42.2018	3.1193	-15.7798
-42.1101	3.2110	-16.2385
-42.2018	3.2110	-16.2385
-42.2018	3.2110	-16.2385
-42.2018	3.2110	-16.2385
-42.2018	3.2110	-16.2385
-42.2018	3.2110	-16.2385
-41.8349	3.3028	-17.2477
-41.8349	3.3028	-17.2477
-41.8349	3.3028	-17.2477
-41.8349	3.3028	-17.2477
-41.8349	3.3028	-17.2477
-41.8349	3.3028	-17.2477
-41.9266	3.7615	-17.8899
-41.9266	3.9450	-17.8899
-41.9266	3.9450	-17.8899
-41.9266	3.9450	-17.8899
-41.9266	3.9450	-17.8899
-41.9266	3.9450	-17.8899
-42.1101	4.6789	-17.1560
-42.1101	4.6789	-17.1560
-42.1101	4.6789	-17.1560
-42.1101	4.6789	-17.1560
-42.1101	4.6789	-17.1560
-42.1101	4.6789	-17.1560
-42.1101	4.3119	-17.8899
-42.0183	4.4037	-18.2569
-41.5596	4.2202	-18.6239
-41.5596	4.2202	-18.6239
-41.5596	4.2202	-18.6239
-41.5596	4.2202	-18.6239
-41.5596	4.9541	-19.4495
-41.5596	4.9541	-19.4495
-41.5596	4.9541	-19.4495
-41.5596	4.9541	-19.4495
-41.5596	4.9541	-19.4495
-41.5596	4.9541	-19.4495
-41.8349	4.8624	-18.5321
-41.8349	4.8624	-18.1651
-41.8349	4.8624	-18.1651
-41.8349	4.8624	-18.1651
-41.8349	4.8624	-18.1651
-41.8349	4.8624	-18.1651
-41.7431	6.5138	-18.4404
-41.7431	6.5138	-18.4404
-41.7431	6.5138	-18.4404
-41.7431	6.5138	-18.4404
-41.7431	6.5138	-18.4404
-41.7431	6.5138	-18.4404
-41.3761	7.1560	-18.9908
-41.8349	7.3394	-18.7156
-41.4679	7.5229	-18.7156
-41.4679	7.5229	-18.7156
-41.4679	7.5229	-18.7156
-41.4679	7.5229	-18.7156
-41.8349	7.8899	-18.4404
-41.8349	7.8899	-18.4404
-41.8349	7.6147	-18.1651
-41.8349	7.6147	-18.1651
-41.8349	7.6147	-18.1651
-41.8349	7.6147	-18.1651
-41.8349	6.9725	-18.2569
-41.8349	6.9725	-18.2569
-41.8349	6.5138	-18.1651
-41.8349	6.5138	-18.1651
-41.8349	6.5138	-18.1651
-41.8349	6.5138	-18.1651
-42.1101	5.5046	-17.3395
-42.1101	5.2294	-17.3395
-42.1101	5.2294	-17.3395
-42.1101	5.2294	-17.3395
-42.1101	5.2294	-17.3395
-42.1101	5.2294	-17.3395
-42.0183	4.1284	-17.2477
-42.2018	4.0367	-17.3395
-42.2018	4.0367	-17.3395
-42.2018	4.0367	-17.3395
-42.2018	4.0367	-17.3395
-42.2018	4.0367	-17.3395
-42.0183	4.0367	-17.3395
-41.8349	4.1284	-17.4312
-42.2018	4.6789	-17.4312
-42.2018	4.6789	-17.4312
-42.2018	4.6789	-17.4312
-42.2018	4.6789	-17.4312
-42.0183	5.2294	-17.4312
-42.0183	5.2294	-17.4312
-42.0183	5.2294	-17.4312
-42.0183	5.2294	-17.4312
-42.0183	5.2294	-17.4312
-42.0183	5.2294	-17.4312
-42.1101	4.4954	-17.2477
-42.1101	4.4954	-17.4312
-42.1101	4.4954	-17.4312
-42.1101	4.4954	-17.4312
-42.1101	4.4954	-17.4312
-42.1101	4.4954	-17.4312
-42.2936	4.7706	-16.6972
-42.2936	4.7706	-16.6972
-42.2936	4.7706	-16.6972
-42.2936	4.7706	-16.6972
-42.2936	4.7706	-16.6972
-42.2936	4.7706	-16.6972
-42.2018	4.0367	-16.1468
-42.1101	3.7615	-16.1468
-42.1101	3.7615	-16.1468
-42.1101	3.7615	-16.1468
-42.1101	3.7615	-16.1468
-42.1101	3.7615	-16.1468
-41.9266	-2.0183	-13.9450
-41.9266	-2.0183	-13.9450
-41.4679	-4.4037	-11.9266
-41.4679	-4.4037	-11.9266
-41.4679	-4.4037	-11.9266
-41.4679	-4.4037	-11.9266
-36.8807	-16.4220	-5.9633
-33.3027	-21.7431	-5.2294
-33.3027	-21.7431	-5.2294
-33.3027	-21.7431	-5.2294
-33.3027	-21.7431	-5.2294
-33.3027	-21.7431	-5.2294
-18.1651	-34.8624	-6.7890
-18.1651	-34.8624	-6.7890
-18.1651	-34.8624	-6.7890
-18.1651	-34.8624	-6.7890
-18.1651	-34.8624	-6.7890
-18.1651	-34.8624	-6.7890
0.3670	-40.1835	-14.9541
5.1376	-40.1835	-16.8807
5.1376	-40.1835	-16.8807
5.1376	-40.1835	-16.8807
5.1376	-40.1835	-16.8807
5.1376	-40.1835	-16.8807
17.0642	-36.5138	-24.7706
17.0642	-36.5138	-24.7706
17.0642	-36.5138	-24.7706
17.0642	-36.5138	-24.7706
17.0642	-36.5138	-24.7706
17.0642	-36.5138	-24.7706
31.1927	-24.4037	-33.3945
31.1927	-24.4037	-33.3945
31.1927	-24.4037	-33.3945
31.1927	-24.4037	-33.3945
31.1927	-24.4037	-33.3945
31.1927	-24.4037	-33.3945
36.6055	-13.2110	-37.2477
37.1560	-11.1927	-37.7982
37.1560	-11.1927	-37.7982
37.1560	-11.1927	-37.7982
37.1560	-11.1927	-37.7982
37.1560	-11.1927	-37.7982
37.8899	-2.6606	-40.0917
37.8899	-2.6606	-40.0917
37.8899	-2.6606	-40.0917
37.8899	-2.6606	-40.0917
37.8899	-2.6606	-40.0917
37.8899	-2.6606	-40.0917
36.6972	12.1101	-40.0000
35.1376	16.1468	-39.8165
35.1376	16.1468	-39.8165
35.1376	16.1468	-39.8165
35.1376	16.1468	-39.8165
35.1376	16.1468	-39.8165
25.5046	31.6514	-35.7798
25.5046	31.6514	-35.7798
25.5046	31.6514	-35.7798
25.5046	31.6514	-35.7798
25.5046	31.6514	-35.7798
25.5046	31.6514	-35.7798
15.9633	39.5413	-30.9174
13.8532	40.5505	-30.3670
13.8532	40.5505	-30.3670
13.8532	40.5505	-30.3670
13.8532	40.5505	-30.3670
13.8532	40.5505	-30.3670
7.7982	43.2110	-27.4312
7.7982	43.2110	-27.4312
7.7982	43.2110	-27.4312
7.7982	43.2110	-27.4312
7.7982	43.2110	-27.4312
7.7982	43.2110	-27.4312
7.7982	43.2110	-27.4312
-6.0550	45.0459	-17.7982
-9.6330	44.8624	-16.5138
-9.6330	44.8624	-16.5138
-9.6330	44.8624	-16.5138
-9.6330	44.8624	-16.5138
-9.6330	44.8624	-16.5138
-17.8899	42.2018	-12.9358
-20.7339	40.6422	-11.7431
-20.7339	40.6422	-11.7431
-20.7339	40.6422	-11.7431
-20.7339	40.6422	-11.7431
-20.7339	40.6422	-11.7431
-29.4495	34.5872	-10.1835
-31.8349	31.6514	-10.6422
-31.8349	31.6514	-10.6422
-31.8349	31.6514	-10.6422
-31.8349	31.6514	-10.6422
-31.8349	31.6514	-10.6422
-39.6330	20.0000	-11.5596
-39.6330	20.0000	-11.5596
-39.6330	20.0000	-11.5596
-39.6330	20.0000	-11.5596
-39.6330	20.0000	-11.5596
-39.6330	20.0000	-11.5596
-41.2844	13.5780	-12.9358
-41.6514	12.3853	-13.1193
-41.6514	12.3853	-13.1193
-41.6514	12.3853	-13.1193
-41.6514	12.3853	-13.1193
-41.6514	12.3853	-13.1193
-41.7431	10.1835	-15.0459
-41.7431	10.1835	-15.0459
-41.7431	10.1835	-15.0459
-41.7431	10.1835	-15.0459
-41.7431	10.1835	-15.0459
-41.7431	10.1835	-15.0459
-41.7431	8.3486	-17.9817
-41.5596	7.7064	-18.7156
-41.5596	7.7064	-18.7156
-41.5596	7.7064	-18.7156
-41.5596	7.7064	-18.7156
-41.5596	7.7064	-18.7156
-41.7431	4.4037	-19.5413
-41.7431	4.4037	-19.5413
-41.7431	4.4037	-19.5413
-41.7431	4.4037	-19.5413
-41.7431	4.4037	-19.5413
-41.7431	4.4037	-19.5413
-41.5596	0.0000	-18.4404
-41.5596	0.0000	-18.4404
-41.7431	0.1835	-18.3486
-41.7431	0.1835	-18.3486
-41.7431	0.1835	-18.3486
-41.7431	0.1835	-18.3486
-41.7431	-0.3670	-17.5229
-41.7431	0.1835	-17.1560
-41.7431	0.1835	-17.1560
-41.7431	0.1835	-17.1560
-41.7431	0.1835	-17.1560
-41.7431	0.1835	-17.1560
-42.0183	0.9174	-17.1560
-42.0183	0.9174	-17.1560
-42.0183	0.9174	-17.1560
-42.0183	0.9174	-17.1560
-42.0183	0.9174	-17.1560
-42.0183	0.9174	-17.1560
-41.8349	1.8349	-18.0734
-41.9266	1.3761	-17.7982
-41.9266	1.1009	-18.0734
-41.9266	1.1009	-18.0734
-41.9266	1.1009	-18.0734
-41.9266	1.1009	-18.0734
-41.7431	0.5505	-17.8899
-41.7431	0.5505	-17.8899
-41.7431	0.5505	-17.8899
-41.7431	0.5505	-17.8899
-41.7431	0.5505	-17.8899
-41.7431	0.5505	-17.8899
-41.7431	0.8257	-17.8899
-41.8349	0.7339	-18.0734
-41.8349	0.7339	-18.0734
-41.8349	0.7339	-18.0734
-41.8349	0.7339	-18.0734
-41.8349	0.7339	-18.0734
-41.4679	0.9174	-18.3486
-41.7431	1.1009	-18.6239
-41.7431	1.1009	-18.6239
-41.7431	1.1009	-18.6239
-41.7431	1.1009	-18.6239
-41.7431	1.1009	-18.6239
-41.7431	0.4587	-18.9908
-41.7431	0.8257	-18.8073
-41.7431	0.8257	-18.8073
-41.7431	0.8257	-18.8073
-41.7431	0.8257	-18.8073
-41.7431	0.8257	-18.8073
-41.7431	0.8257	-19.4495
-41.7431	0.8257	-19.4495
-41.4679	1.3761	-19.4495
-41.4679	1.3761	-19.4495
-41.4679	1.3761	-19.4495
-41.4679	1.3761	-19.4495
-41.5596	1.4679	-19.2661
-41.5596	1.4679	-19.2661
-41.5596	1.8349	-19.6330
-41.5596	1.8349	-19.6330
-41.5596	1.8349	-19.6330
-41.5596	1.8349	-19.6330
-41.7431	1.8349	-19.2661
-41.6514	2.1101	-19.3578
-41.6514	2.1101	-19.3578
-41.6514	2.1101	-19.3578
-41.6514	2.1101	-19.3578
-41.6514	2.1101	-19.3578
-41.6514	1.9266	-18.8073
-41.8349	1.7431	-18.8991
-41.5596	1.7431	-19.0826
-41.5596	1.7431	-19.0826
-41.5596	1.7431	-19.0826
-41.5596	1.7431	-19.0826
-41.6514	1.4679	-19.6330
-41.2844	1.8349	-19.9083
-41.2844	1.8349	-19.9083
-41.2844	1.8349	-19.9083
-41.2844	1.8349	-19.9083
-41.2844	1.8349	-19.9083
-41.6514	2.1101	-20.0000
-41.6514	2.1101	-20.0000
-41.6514	2.1101	-20.0000
-41.6514	2.1101	-20.0000
-41.6514	2.1101	-20.0000
-41.6514	2.1101	-20.0000
-41.5596	2.0183	-20.2752
-41.2844	2.5688	-20.3670
-41.2844	2.5688	-20.3670
-41.2844	2.5688	-20.3670
-41.2844	2.5688	-20.3670
-41.2844	2.5688	-20.3670
-41.6514	2.5688	-20.3670
-41.4679	2.8440	-20.2752
-41.4679	2.8440	-20.2752
-41.4679	2.8440	-20.2752
-41.4679	2.8440	-20.2752
-41.4679	2.8440	-20.2752
-41.4679	3.3945	-20.3670
-41.3761	3.0275	-20.2752
-41.2844	3.3945	-20.3670
-41.2844	3.3945	-20.3670
-41.2844	3.3945	-20.3670
-41.2844	3.3945	-20.3670
-41.2844	3.3945	-20.3670
-41.2844	3.3945	-20.3670
-41.2844	3.3945	-20.3670
-41.2844	3.3945	-20.3670
-41.2844	3.3945	-20.3670
-41.2844	3.3945	-20.3670
-41.3761	3.8532	-20.5505
-41.7431	4.3119	-20.2752
-41.7431	4.3119	-20.2752
-41.7431	4.3119	-20.2752
-41.7431	4.3119	-20.2752
-41.7431	4.3119	-20.2752
-41.7431	4.3119	-20.2752
-41.9266	6.0550	-16.8807
-41.9266	6.0550	-16.8807
-41.9266	6.0550	-16.8807
-41.9266	6.0550	-16.8807
-41.9266	6.0550	-16.8807
-41.9266	6.0550	-16.8807
-40.1835	5.3211	3.3028
-37.8899	5.4128	8.9908
-37.8899	5.4128	8.9908
-37.8899	5.4128	8.9908
-37.8899	5.4128	8.9908
-37.8899	5.4128	8.9908
-26.6055	6.2385	23.1193
-26.6055	6.2385	23.1193
-26.6055	6.2385	23.1193
-26.6055	6.2385	23.1193
-26.6055	6.2385	23.1193
-26.6055	6.2385	23.1193
-26.6055	6.2385	23.1193
-26.6055	6.2385	23.1193
-26.6055	6.2385	23.1193
-26.6055	6.2385	23.1193
-26.6055	6.2385	23.1193
-26.6055	6.2385	23.1193
-26.6055	6.2385	23.1193
-26.6055	6.2385	23.1193
-26.6055	6.2385	23.1193
-26.6055	6.2385	23.1193
-26.6055	6.2385	23.1193
-26.6055	6.2385	23.1193
3.5780	7.2477	32.0183
5.8716	7.2477	32.2018
5.8716	7.2477	32.2018
5.8716	7.2477	32.2018
5.8716	7.2477	32.2018
5.8716	7.2477	32.2018
5.7798	8.4404	32.2018
6.5138	8.5321	31.8349
6.5138	8.5321	31.8349
6.5138	8.5321	31.8349
6.5138	8.5321	31.8349
6.5138	8.5321	31.8349
11.7431	9.2661	30.9174
11.7431	9.2661	30.9174
11.7431	9.2661	30.9174
11.7431	9.2661	30.9174
11.7431	9.2661	30.9174
11.7431	9.2661	30.9174
11.7431	9.2661	30.9174
11.7431	9.2661	30.9174
11.7431	9.2661	30.9174
11.7431	9.2661	30.9174
11.7431	9.2661	30.9174
11.7431	9.2661	30.9174
11.7431	9.2661	30.9174
11.7431	9.2661	30.9174
11.7431	9.2661	30.9174
11.7431	9.2661	30.9174
11.7431	9.2661	30.9174
11.7431	9.2661	30.9174
46.0550	-0.9174	-5.0459
46.0550	-0.9174	-5.0459
46.0550	-0.9174	-5.0459
46.0550	-0.9174	-5.0459
46.0550	-0.9174	-5.0459
46.0550	-0.9174	-5.0459
46.1468	-4.7706	-15.9633
46.0550	-5.7798	-17.7064
46.0550	-5.7798	-17.7064
46.0550	-5.7798	-17.7064
46.0550	-5.7798	-17.7064
46.0550	-5.7798	-17.7064
44.8624	-7.9817	-22.7523
43.9450	-8.2569	-24.8624
43.9450	-8.6239	-26.8807
43.9450	-8.6239	-26.8807
43.9450	-8.6239	-26.8807
43.9450	-8.6239	-26.8807
41.7431	-8.8073	-31.4679
39.7248	-9.7248	-35.0459
39.7248	-9.7248	-35.0459
39.7248	-9.7248	-35.0459
39.7248	-9.7248	-35.0459
39.7248	-9.7248	-35.0459
31.8349	-13.1193	-42.6605
31.8349	-13.1193	-42.6605
31.8349	-13.1193	-42.6605
31.8349	-13.1193	-42.6605
31.8349	-13.1193	-42.6605
31.8349	-13.1193	-42.6605
31.3761	-12.2018	-43.7615
31.3761	-12.2018	-43.7615
31.3761	-12.2018	-43.7615
31.3761	-12.2018	-43.7615
31.3761	-12.2018	-43.7615
31.3761	-12.2018	-43.7615
33.7615	-9.2661	-43.1193
35.6881	-7.2477	-41.6514
35.6881	-7.2477	-41.6514
35.6881	-7.2477	-41.6514
35.6881	-7.2477	-41.6514
35.6881	-7.2477	-41.6514
42.3853	-0.4587	-32.6605
42.3853	-0.4587	-32.6605
42.3853	-0.4587	-32.6605
42.3853	-0.4587	-32.6605
42.3853	-0.4587	-32.6605
42.3853	-0.4587	-32.6605
44.0367	14.7706	-21.9266
43.3028	17.2477	-19.4495
43.3028	17.2477	-19.4495
43.3028	17.2477	-19.4495
43.3028	17.2477	-19.4495
43.3028	17.2477	-19.4495
41.3761	21.8349	-11.6514
41.3761	21.8349	-11.6514
41.3761	21.8349	-11.6514
41.3761	21.8349	-11.6514
41.3761	21.8349	-11.6514
41.3761	21.8349	-11.6514
38.8991	23.9450	-2.7523
38.2569	24.4954	-1.6514
38.2569	24.4954	-1.6514
38.2569	24.4954	-1.6514
38.2569	24.4954	-1.6514
38.2569	24.4954	-1.6514
35.5046	28.9908	-2.2936
35.5046	28.9908	-2.2936
35.5046	28.9908	-2.2936
35.5046	28.9908	-2.2936
35.5046	28.9908	-2.2936
35.5046	28.9908	-2.2936
30.5505	32.7523	0.6422
27.7064	34.5872	1.1009
24.7706	37.4312	0.0000
24.7706	37.4312	0.0000
24.7706	37.4312	0.0000
24.7706	37.4312	0.0000
14.4037	39.8165	6.5138
14.4037	39.8165	6.5138
10.0917	40.1835	8.1651
10.0917	40.1835	8.1651
10.0917	40.1835	8.1651
10.0917	40.1835	8.1651
-1.9266	40.7339	8.9908
-4.9541	40.2752	9.8165
-4.9541	40.2752	9.8165
-4.9541	40.2752	9.8165
-4.9541	40.2752	9.8165
-4.9541	40.2752	9.8165
-16.8807	34.2202	13.2110
-16.8807	34.2202	13.2110
-16.8807	34.2202	13.2110
-16.8807	34.2202	13.2110
-16.8807	34.2202	13.2110
-16.8807	34.2202	13.2110
-27.0642	22.0183	16.6972
-28.8991	18.8073	17.0642
-30.1835	15.3211	17.7064
-30.1835	15.3211	17.7064
-30.1835	15.3211	17.7064
-30.1835	15.3211	17.7064
-31.5596	9.1743	17.7064
-31.8349	5.7798	17.8899
-31.7431	1.9266	18.1651
-31.7431	1.9266	18.1651
-31.7431	1.9266	18.1651
-31.7431	1.9266	18.1651
-30.4587	-9.1743	16.5138
-30.4587	-9.1743	16.5138
-29.8165	-13.3028	14.7706
-29.8165	-13.3028	14.7706
-29.8165	-13.3028	14.7706
-29.8165	-13.3028	14.7706
-26.6055	-20.8257	11.6514
-25.7798	-22.3853	10.9174
-25.7798	-22.3853	10.9174
-25.7798	-22.3853	10.9174
-25.7798	-22.3853	10.9174
-25.7798	-22.3853	10.9174
-24.6789	-25.7798	7.1560
-24.6789	-25.7798	7.1560
-24.6789	-25.7798	7.1560
-24.6789	-25.7798	7.1560
-24.6789	-25.7798	7.1560
-24.6789	-25.7798	7.1560
-17.8899	-31.8349	5.1376
-15.6881	-33.3027	3.8532
-13.6697	-34.4954	3.0275
-13.6697	-34.4954	3.0275
-13.6697	-34.4954	3.0275
-13.6697	-34.4954	3.0275
-6.6972	-37.1560	0.4587
-6.6972	-37.1560	0.4587
-6.6972	-37.1560	0.4587
-6.6972	-37.1560	0.4587
-6.6972	-37.1560	0.4587
-6.6972	-37.1560	0.4587
2.2018	-39.6330	-3.3028
4.4037	-39.6330	-3.5780
4.4037	-39.6330	-3.5780
4.4037	-39.6330	-3.5780
4.4037	-39.6330	-3.5780
4.4037	-39.6330	-3.5780
4.4037	-39.6330	-3.5780
9.1743	-39.7248	-4.8624
9.1743	-39.7248	-4.8624
9.1743	-39.7248	-4.8624
9.1743	-39.7248	-4.8624
9.1743	-39.7248	-4.8624
9.1743	-39.7248	-4.8624
10.4587	-38.9908	-1.7431
10.4587	-38.0734	-0.0917
10.4587	-38.0734	-0.0917
10.4587	-38.0734	-0.0917
10.4587	-38.0734	-0.0917
10.4587	-38.0734	-0.0917
8.0734	-37.3394	3.4862
8.0734	-37.3394	3.4862
8.0734	-37.3394	3.4862
8.0734	-37.3394	3.4862
8.0734	-37.3394	3.4862
8.0734	-37.3394	3.4862
6.6055	-36.5138	5.7798
6.4220	-36.7890	5.7798
5.8716	-36.7890	6.2385
5.8716	-36.7890	6.2385
5.8716	-36.7890	6.2385
5.8716	-36.7890	6.2385
5.6881	-36.0550	7.4312
5.6881	-36.0550	7.4312
5.5046	-35.3211	8.7156
5.5046	-35.3211	8.7156
5.5046	-35.3211	8.7156
5.5046	-35.3211	8.7156
5.5046	-35.3211	8.7156
6.3303	-33.5780	11.8349
9.4495	-32.7523	11.9266
12.5688	-31.1927	13.9450
12.5688	-31.1927	13.9450
12.5688	-31.1927	13.9450
18.3486	-25.0459	17.9817
21.9266	-22.2018	18.6239
21.9266	-22.2018	18.6239
25.0459	-18.8073	19.0826
25.0459	-18.8073	19.0826
25.0459	-18.8073	19.0826
29.5413	-12.2936	18.8991
30.6422	-9.3578	19.6330
31.1927	-6.3303	19.7248
31.1927	-6.3303	19.7248
31.1927	-6.3303	19.7248
31.1927	-6.3303	19.7248
34.0367	2.5688	18.2569
34.0367	2.5688	18.2569
34.3119	5.5963	17.7064
34.3119	5.5963	17.7064
34.3119	5.5963	17.7064
34.3119	5.5963	17.7064
34.2202	12.9358	15.8716
33.8532	14.5872	15.4128
33.8532	14.5872	15.4128
33.8532	14.5872	15.4128
33.8532	14.5872	15.4128
33.6697	16.8807	14.8624
33.7615	17.0642	14.4037
34.1284	17.5229	13.6697
34.1284	17.5229	13.6697
34.1284	17.5229	13.6697
34.1284	17.5229	13.6697
35.1376	17.5229	12.7523
35.1376	17.5229	12.7523
35.1376	17.5229	12.7523
35.1376	17.5229	12.7523
35.1376	17.5229	12.7523
35.1376	17.5229	12.7523
35.1376	17.5229	12.7523
31.9266	20.2752	14.2202
31.6514	21.3761	13.8532
31.2844	21.6514	14.2202
31.2844	21.6514	14.2202
31.2844	21.6514	14.2202
31.2844	21.6514	14.2202
30.5505	22.1101	14.2202
30.5505	22.1101	14.2202
30.5505	22.1101	14.2202
30.5505	22.1101	14.2202
30.5505	22.1101	14.2202
30.5505	22.1101	14.2202
27.7064	22.1101	17.4312
27.4312	22.0183	17.7064
27.4312	22.0183	17.7064
27.4312	22.0183	17.7064
27.4312	22.0183	17.7064
27.4312	22.0183	17.7064
26.8807	19.2661	20.0000
26.8807	19.2661	20.0000
26.8807	19.2661	20.0000
26.8807	19.2661	20.0000
26.8807	19.2661	20.0000
26.8807	19.2661	20.0000
29.8165	11.0092	21.3761
30.7339	7.5229	20.7339
30.7339	7.5229	20.7339
30.7339	7.5229	20.7339
30.7339	7.5229	20.7339
30.7339	7.5229	20.7339
34.6789	-3.4862	17.2477
34.6789	-3.4862	17.2477
35.5963	-5.7798	15.6881
35.5963	-5.7798	15.6881
35.5963	-5.7798	15.6881
35.5963	-5.7798	15.6881
38.1651	-11.7431	9.4495
38.8073	-13.4862	7.2477
38.8073	-13.4862	7.2477
38.8073	-13.4862	7.2477
38.8073	-13.4862	7.2477
38.8073	-13.4862	7.2477
40.6422	-14.6789	1.7431
40.6422	-14.6789	1.7431
40.6422	-14.6789	1.7431
40.6422	-14.6789	1.7431
40.6422	-14.6789	1.7431
40.6422	-14.6789	1.7431
44.3119	-6.0550	-1.8349
45.2294	-3.5780	-3.5780
45.8716	-0.4587	-4.5872
45.8716	-0.4587	-4.5872
45.8716	-0.4587	-4.5872
45.8716	-0.4587	-4.5872
46.2385	4.4954	-6.3303
46.0550	6.6055	-7.0642
45.7798	8.7156	-7.8899
45.7798	8.7156	-7.8899
45.7798	8.7156	-7.8899
45.7798	8.7156	-7.8899
43.1193	18.2569	-9.9083
43.1193	18.2569	-9.9083
42.0183	21.1927	-10.2752
42.0183	21.1927	-10.2752
42.0183	21.1927	-10.2752
42.0183	21.1927	-10.2752
33.3027	32.7523	-9.0826
33.3027	32.7523	-9.0826
33.3027	32.7523	-9.0826
33.3027	32.7523	-9.0826
33.3027	32.7523	-9.0826
33.3027	32.7523	-9.0826
21.2844	40.0917	-3.8532
16.8807	41.9266	-1.5596
16.8807	41.9266	-1.5596
16.8807	41.9266	-1.5596
16.8807	41.9266	-1.5596
16.8807	41.9266	-1.5596
4.4954	42.3853	5.8716
1.1009	41.1009	8.7156
1.1009	41.1009	8.7156
1.1009	41.1009	8.7156
1.1009	41.1009	8.7156
1.1009	41.1009	8.7156
-8.3486	35.5963	15.7798
-11.0092	33.4862	17.1560
-13.9450	31.4679	18.2569
-13.9450	31.4679	18.2569
-13.9450	31.4679	18.2569
-13.9450	31.4679	18.2569
-18.8991	24.7706	21.6514
-18.8991	24.7706	21.6514
-19.6330	22.2936	22.1101
-19.6330	22.2936	22.1101
-19.6330	22.2936	22.1101
-19.6330	22.2936	22.1101
-23.3945	17.1560	22.6606
-23.3945	17.1560	22.6606
-23.3945	17.1560	22.6606
-23.3945	17.1560	22.6606
-23.3945	17.1560	22.6606
-23.3945	17.1560	22.6606
-25.6881	8.3486	23.7615
-25.1376	6.5138	23.9450
-25.1376	6.5138	23.9450
-25.1376	6.5138	23.9450
-25.1376	6.5138	23.9450
-25.1376	6.5138	23.9450
-21.2844	0.9174	26.6055
-20.4587	-1.1009	26.8807
-20.4587	-1.1009	26.8807
-20.4587	-1.1009	26.8807
-20.4587	-1.1009	26.8807
-20.4587	-1.1009	26.8807
-19.7248	-1.0092	27.5229
-19.9083	-0.4587	27.2477
-19.9083	-0.4587	27.2477
-19.9083	-0.4587	27.2477
-19.9083	-0.4587	27.2477
-19.9083	-0.4587	27.2477
-19.4495	-1.9266	27.2477
-19.4495	-1.9266	27.2477
-19.4495	-1.9266	27.2477
-19.4495	-1.9266	27.2477
-19.4495	-1.9266	27.2477
-19.4495	-1.9266	27.2477
-18.4404	-5.4128	27.0642
-17.7982	-6.1468	27.2477
-17.7982	-6.1468	27.2477
-17.7982	-6.1468	27.2477
-17.7982	-6.1468	27.2477
-17.7982	-6.1468	27.2477
-14.9541	-2.2936	29.5413
-14.1284	-2.5688	29.8165
-13.2110	-1.7431	29.9083
-13.2110	-1.7431	29.9083
-13.2110	-1.7431	29.9083
-13.2110	-1.7431	29.9083
-12.7523	-0.8257	30.5505
-12.2936	-0.3670	30.6422
-12.2936	0.7339	30.7339
-12.2936	0.7339	30.7339
-12.2936	0.7339	30.7339
-12.2936	0.7339	30.7339
-12.0183	7.2477	30.3670
-12.0183	7.2477	30.3670
-11.9266	8.0734	30.2752
-11.9266	8.0734	30.2752
-11.9266	8.0734	30.2752
-11.9266	8.0734	30.2752
-12.2018	9.9083	30.1835
-12.6606	12.7523	29.3578
-12.6606	12.7523	29.3578
-12.6606	12.7523	29.3578
-12.6606	12.7523	29.3578
-12.6606	12.7523	29.3578
-11.9266	13.1193	29.6330
-11.9266	13.1193	29.6330
-11.9266	13.1193	29.6330
-11.9266	13.1193	29.6330
-11.9266	13.1193	29.6330
-11.9266	13.1193	29.6330
-18.6239	13.4862	26.6972
-20.5505	12.9358	25.9633
-22.5688	13.3945	24.3119
-22.5688	13.3945	24.3119
-22.5688	13.3945	24.3119
-22.5688	13.3945	24.3119
-27.5229	14.4954	20.4587
-27.5229	14.4954	20.4587
-27.5229	14.4954	20.4587
-27.5229	14.4954	20.4587
-27.5229	14.4954	20.4587
-27.5229	14.4954	20.4587
-32.4771	9.7248	16.6972
-32.4771	9.7248	16.6972
-32.4771	9.7248	16.6972
-32.4771	9.7248	16.6972
-32.4771	9.7248	16.6972
-32.4771	9.7248	16.6972
-32.9358	0.7339	16.3303
-32.1101	-0.5505	17.1560
-32.1101	-0.5505	17.1560
-32.1101	-0.5505	17.1560
-32.1101	-0.5505	17.1560
-32.1101	-0.5505	17.1560
-29.6330	-5.2294	18.7156
-27.8899	-6.9725	20.0917
-27.8899	-6.9725	20.0917
-27.8899	-6.9725	20.0917
-27.8899	-6.9725	20.0917
-27.8899	-6.9725	20.0917
-22.9358	-7.6147	23.7615
-22.1101	-6.7890	24.6789
-21.4679	-4.9541	25.4128
-21.4679	-4.9541	25.4128
-21.4679	-4.9541	25.4128
-21.4679	-4.9541	25.4128
-19.0826	-2.5688	27.3394
-19.0826	-2.5688	27.3394
-19.0826	-2.5688	27.3394
-19.0826	-2.5688	27.3394
-19.0826	-2.5688	27.3394
-19.0826	-2.5688	27.3394
-18.9908	6.2385	28.0734
-19.7248	7.6147	27.2477
-19.7248	7.6147	27.2477
-19.7248	7.6147	27.2477
-19.7248	7.6147	27.2477
-19.7248	7.6147	27.2477
-21.6514	8.7156	26.2385
-21.6514	8.7156	26.2385
-21.6514	8.7156	26.2385
-21.6514	8.7156	26.2385
-21.6514	8.7156	26.2385
-21.6514	8.7156	26.2385
-26.5138	7.9817	23.2110
-28.2569	7.5229	21.5596
-28.2569	7.5229	21.5596
-28.2569	7.5229	21.5596
-28.2569	7.5229	21.5596
-28.2569	7.5229	21.5596
-34.0367	-0.8257	14.3119
-34.0367	-0.8257	14.3119
-34.0367	-0.8257	14.3119
-34.0367	-0.8257	14.3119
-34.0367	-0.8257	14.3119
-34.0367	-0.8257	14.3119
-33.0275	-13.5780	10.0917
-31.3761	-16.5138	9.4495
-31.3761	-16.5138	9.4495
-31.3761	-16.5138	9.4495
-31.3761	-16.5138	9.4495
-31.3761	-16.5138	9.4495
-25.8716	-24.9541	6.9725
-25.8716	-24.9541	6.9725
-25.8716	-24.9541	6.9725
-25.8716	-24.9541	6.9725
-25.8716	-24.9541	6.9725
-25.8716	-24.9541	6.9725
-18.0734	-30.7339	6.3303
-16.8807	-31.6514	6.5138
-15.6881	-32.2936	6.1468
-15.6881	-32.2936	6.1468
-15.6881	-32.2936	6.1468
-15.6881	-32.2936	6.1468
-12.9358	-34.1284	4.6789
-12.9358	-34.1284	4.6789
-9.7248	-35.5963	3.3028
-9.7248	-35.5963	3.3028
-9.7248	-35.5963	3.3028
-9.7248	-35.5963	3.3028
-3.7615	-37.8899	0.3670
-3.7615	-37.8899	0.3670
-1.4679	-38.4404	-0.3670
-1.4679	-38.4404	-0.3670
-1.4679	-38.4404	-0.3670
-1.4679	-38.4404	-0.3670
7.5229	-38.3486	1.3761
9.5413	-38.0734	0.9174
9.5413	-38.0734	0.9174
9.5413	-38.0734	0.9174
9.5413	-38.0734	0.9174
9.5413	-38.0734	0.9174
16.0550	-36.3303	1.2844
18.8991	-35.5963	1.4679
21.6514	-34.3119	1.7431
21.6514	-34.3119	1.7431
21.6514	-34.3119	1.7431
21.6514	-34.3119	1.7431
26.0550	-31.3761	2.0183
28.6239	-29.4495	1.9266
31.0092	-27.2477	3.0275
31.0092	-27.2477	3.0275
31.0092	-27.2477	3.0275
31.0092	-27.2477	3.0275
36.5138	-18.8073	5.7798
36.5138	-18.8073	5.7798
38.3486	-15.6881	6.4220
38.3486	-15.6881	6.4220
38.3486	-15.6881	6.4220
38.3486	-15.6881	6.4220
41.1009	-2.8440	8.3486
41.4679	1.1927	7.9817
41.4679	1.1927	7.9817
41.4679	1.1927	7.9817
41.4679	1.1927	7.9817
41.4679	1.1927	7.9817
41.6514	11.4679	4.1284
41.1927	14.4954	3.9450
39.7248	17.9817	4.4037
39.7248	17.9817	4.4037
39.7248	17.9817	4.4037
39.7248	17.9817	4.4037
35.4128	23.9450	5.9633
32.9358	26.3303	7.5229
32.9358	26.3303	7.5229
32.9358	26.3303	7.5229
32.9358	26.3303	7.5229
32.9358	26.3303	7.5229
20.3670	32.7523	13.1193
20.3670	32.7523	13.1193
20.3670	32.7523	13.1193
20.3670	32.7523	13.1193
20.3670	32.7523	13.1193
20.3670	32.7523	13.1193
13.3028	29.2661	20.8257
12.6606	27.1560	23.0275
12.6606	27.1560	23.0275
12.6606	27.1560	23.0275
12.6606	27.1560	23.0275
12.6606	27.1560	23.0275
10.4587	20.9174	27.3394
10.4587	20.9174	27.3394
10.4587	20.9174	27.3394
10.4587	20.9174	27.3394
10.4587	20.9174	27.3394
10.4587	20.9174	27.3394
6.4220	16.9725	29.7248
5.5046	16.9725	29.9083
4.7706	16.7890	29.9083
4.7706	16.7890	29.9083
4.7706	16.7890	29.9083
4.7706	16.7890	29.9083
2.2936	14.5872	31.2844
1.8349	14.5872	31.2844
1.8349	14.5872	31.2844
1.8349	14.5872	31.2844
1.8349	14.5872	31.2844
1.8349	14.5872	31.2844
1.8349	14.5872	31.2844
1.8349	14.5872	31.2844
-1.7431	14.4037	31.1009
-1.7431	14.4037	31.1009
-1.7431	14.4037	31.1009
-1.7431	14.4037	31.1009
-7.2477	20.6422	28.0734
-11.0092	18.2569	27.8899
-11.0092	18.2569	27.8899
-11.0092	18.2569	27.8899
-11.0092	18.2569	27.8899
-11.0092	18.2569	27.8899
-22.2018	18.8073	22.6606
-25.7798	18.5321	20.0917
-29.1743	16.7890	17.8899
-29.1743	16.7890	17.8899
-29.1743	16.7890	17.8899
-34.5872	9.6330	13.3945
-34.5872	9.6330	13.3945
-36.6972	7.1560	11.1009
-36.6972	7.1560	11.1009
-36.6972	7.1560	11.1009
-36.6972	7.1560	11.1009
-39.7248	-0.4587	4.8624
-39.3578	-2.2936	3.6697
-39.3578	-2.2936	3.6697
-39.3578	-2.2936	3.6697
-39.3578	-2.2936	3.6697
-39.3578	-2.2936	3.6697
-39.3578	-2.2936	3.6697
-37.5229	-15.1376	-5.4128
-36.4220	-17.3395	-6.7890
-36.4220	-17.3395	-6.7890
-36.4220	-17.3395	-6.7890
-36.4220	-17.3395	-6.7890
-36.4220	-17.3395	-6.7890
-33.8532	-21.1927	-6.5138
-33.8532	-21.1927	-6.5138
-33.8532	-21.1927	-6.5138
-33.8532	-21.1927	-6.5138
-33.8532	-21.1927	-6.5138
-33.8532	-21.1927	-6.5138
-33.8532	-21.1927	-6.5138
-33.8532	-21.1927	-6.5138
-33.8532	-21.1927	-6.5138
-33.8532	-21.1927	-6.5138
-33.8532	-21.1927	-6.5138
-33.8532	-21.1927	-6.5138
-24.4954	-23.7615	10.4587
-24.4954	-23.7615	10.4587
-24.4954	-23.7615	10.4587
-24.4954	-23.7615	10.4587
-24.4954	-23.7615	10.4587
-24.4954	-23.7615	10.4587
-24.8624	-15.2294	18.3486
-24.1284	-13.3945	20.4587
-24.1284	-13.3945	20.4587
-24.1284	-13.3945	20.4587
-24.1284	-13.3945	20.4587
-24.1284	-13.3945	20.4587
-14.3119	-7.9817	28.3486
-14.3119	-7.9817	28.3486
-14.3119	-7.9817	28.3486
-14.3119	-7.9817	28.3486
-14.3119	-7.9817	28.3486
-14.3119	-7.9817	28.3486
4.9541	5.2294	32.4771
5.1376	4.9541	32.2936
5.1376	4.9541	32.2936
5.1376	4.9541	32.2936
5.1376	4.9541	32.2936
5.1376	4.9541	32.2936
5.1376	4.9541	32.2936
8.0734	-0.7339	31.9266
11.1009	-0.9174	31.3761
11.1009	-0.9174	31.3761
11.1009	-0.9174	31.3761
11.1009	-0.9174	31.3761
19.2661	-4.4954	28.2569
19.2661	-4.4954	28.2569
22.2018	-6.4220	26.3303
22.2018	-6.4220	26.3303
22.2018	-6.4220	26.3303
22.2018	-6.4220	26.3303
22.2018	-6.4220	26.3303
32.4771	-8.7156	17.9817
32.4771	-8.7156	17.9817
32.4771	-8.7156	17.9817
32.4771	-8.7156	17.9817
32.4771	-8.7156	17.9817
32.4771	-8.7156	17.9817
39.7248	-10.5505	7.3394
39.7248	-11.4679	4.8624
39.7248	-11.4679	4.8624
39.7248	-11.4679	4.8624
39.7248	-11.4679	4.8624
39.7248	-11.4679	4.8624
40.0000	-19.1743	-3.1193
38.8073	-21.9266	-6.0550
38.8073	-21.9266	-6.0550
38.8073	-21.9266	-6.0550
38.8073	-21.9266	-6.0550
38.8073	-21.9266	-6.0550
31.5596	-31.1927	-14.1284
31.5596	-31.1927	-14.1284
31.5596	-31.1927	-14.1284
31.5596	-31.1927	-14.1284
31.5596	-31.1927	-14.1284
31.5596	-31.1927	-14.1284
31.5596	-31.1927	-14.1284
6.6055	-39.0826	-23.2110
6.6055	-39.0826	-23.2110
6.6055	-39.0826	-23.2110
6.6055	-39.0826	-23.2110
6.6055	-39.0826	-23.2110
-15.5963	-34.0367	-24.9541
-15.5963	-34.0367	-24.9541
-15.5963	-34.0367	-24.9541
-15.5963	-34.0367	-24.9541
-15.5963	-34.0367	-24.9541
-15.5963	-34.0367	-24.9541
-35.5046	-18.6239	-15.0459
-37.5229	-15.0459	-8.6239
-37.5229	-15.0459	-8.6239
-37.5229	-15.0459	-8.6239
-37.5229	-15.0459	-8.6239
-37.5229	-15.0459	-8.6239
-35.8716	-10.7339	7.1560
-35.8716	-10.7339	7.1560
-35.8716	-10.7339	7.1560
-35.8716	-10.7339	7.1560
-35.8716	-10.7339	7.1560
-35.8716	-10.7339	7.1560
-28.4404	-11.6514	16.9725
-29.3578	-12.3853	15.6881
-30.7339	-12.2936	13.6697
-30.7339	-12.2936	13.6697
-30.7339	-12.2936	13.6697
-30.7339	-12.2936	13.6697
-32.6605	-9.5413	13.3028
-32.6605	-9.5413	13.3028
-32.6605	-9.5413	13.3028
-32.6605	-9.5413	13.3028
-32.6605	-9.5413	13.3028
-32.6605	-9.5413	13.3028
-36.2385	-7.3394	8.5321
-36.7890	-7.7064	7.1560
-36.7890	-7.7064	7.1560
-36.7890	-7.7064	7.1560
-36.7890	-7.7064	7.1560
-36.7890	-7.7064	7.1560
-36.7890	-7.7064	7.1560
-40.1835	-1.5596	1.8349
-40.1835	-1.5596	1.8349
-40.1835	-1.5596	1.8349
-40.1835	-1.5596	1.8349
-40.1835	-1.5596	1.8349
-40.1835	-1.5596	1.8349
-42.0183	5.8716	-2.6606
-41.6514	7.7982	-4.4954
-41.6514	7.7982	-4.4954
-41.6514	7.7982	-4.4954
-41.6514	7.7982	-4.4954
-41.6514	7.7982	-4.4954
-41.5596	13.3028	-9.7248
-40.7339	15.2294	-12.0183
-40.7339	15.2294	-12.0183
-40.7339	15.2294	-12.0183
-40.7339	15.2294	-12.0183
-37.7064	23.2110	-15.8716
-37.7064	23.2110	-15.8716
-35.9633	26.1468	-16.2385
-35.9633	26.1468	-16.2385
-35.9633	26.1468	-16.2385
-35.9633	26.1468	-16.2385
-35.9633	26.1468	-16.2385
-27.9817	35.7798	-14.2202
-27.9817	35.7798	-14.2202
-27.9817	35.7798	-14.2202
-27.9817	35.7798	-14.2202
-27.9817	35.7798	-14.2202
-21.4679	40.5505	-13.3028
-20.2752	40.9174	-13.8532
-19.1743	41.6514	-13.9450
-19.1743	41.6514	-13.9450
-19.1743	41.6514	-13.9450
-19.1743	41.6514	-13.9450
-19.1743	41.6514	-13.9450
-14.0367	43.8532	-16.3303
-12.0183	43.7615	-17.8899
-12.0183	43.7615	-17.8899
-12.0183	43.7615	-17.8899
-12.0183	43.7615	-17.8899
-6.4220	44.1284	-23.7615
-6.4220	44.1284	-23.7615
-4.4037	43.7615	-26.1468
-4.4037	43.7615	-26.1468
-4.4037	43.7615	-26.1468
-4.4037	43.7615	-26.1468
-4.4037	43.7615	-26.1468
11.9266	36.7890	-38.3486
11.9266	36.7890	-38.3486
15.7798	33.4862	-40.7339
15.7798	33.4862	-40.7339
15.7798	33.4862	-40.7339
15.7798	33.4862	-40.7339
21.1927	24.2202	-46.4220
21.2844	21.8349	-47.9817
21.2844	21.8349	-47.9817
21.2844	21.8349	-47.9817
21.2844	21.8349	-47.9817
21.2844	21.8349	-47.9817
22.8440	11.1009	-51.4679
22.8440	11.1009	-51.4679
22.8440	11.1009	-51.4679
22.8440	11.1009	-51.4679
22.8440	11.1009	-51.4679
22.8440	11.1009	-51.4679
15.9633	5.7798	-54.9541
13.0275	6.8807	-55.6881
13.0275	6.8807	-55.6881
13.0275	6.8807	-55.6881
13.0275	6.8807	-55.6881
13.0275	6.8807	-55.6881
5.3211	14.9541	-55.4128
2.7523	17.7982	-54.4037
2.7523	17.7982	-54.4037
2.7523	17.7982	-54.4037
2.7523	17.7982	-54.4037
2.7523	17.7982	-54.4037
-1.3761	31.1009	-46.2385
-1.3761	31.1009	-46.2385
-1.1927	32.7523	-45.0459
-1.1927	32.7523	-45.0459
-1.1927	32.7523	-45.0459
-1.1927	32.7523	-45.0459
2.8440	32.8440	-44.7706
5.7798	32.1101	-45.5046
5.7798	32.1101	-45.5046
5.7798	32.1101	-45.5046
5.7798	32.1101	-45.5046
5.7798	32.1101	-45.5046
7.8899	29.2661	-47.5229
7.7064	28.8991	-47.6147
10.0917	28.8073	-47.3394
10.0917	28.8073	-47.3394
10.0917	28.8073	-47.3394
18.3486	27.3394	-45.5963
18.3486	27.3394	-45.5963
21.7431	26.2385	-44.9541
21.7431	26.2385	-44.9541
21.7431	26.2385	-44.9541
21.7431	26.2385	-44.9541
33.2110	19.4495	-39.7248
36.9725	16.7890	-36.6972
36.9725	16.7890	-36.6972
36.9725	16.7890	-36.6972
36.9725	16.7890	-36.6972
36.9725	16.7890	-36.6972
43.7615	8.0734	-28.3486
44.6789	5.6881	-26.6055
44.9541	3.3945	-26.5138
44.9541	3.3945	-26.5138
44.9541	3.3945	-26.5138
44.9541	3.3945	-26.5138
44.4037	-7.8899	-23.7615
43.7615	-12.7523	-21.6514
43.7615	-12.7523	-21.6514
43.7615	-12.7523	-21.6514
43.7615	-12.7523	-21.6514
37.3394	-23.7615	-21.9266
37.3394	-23.7615	-21.9266
34.8624	-26.8807	-21.3761
34.8624	-26.8807	-21.3761
34.8624	-26.8807	-21.3761
34.8624	-26.8807	-21.3761
27.4312	-33.4862	-18.5321
26.5138	-34.4037	-14.4954
26.5138	-34.4037	-14.4954
26.5138	-34.4037	-14.4954
26.5138	-34.4037	-14.4954
26.5138	-34.4037	-14.4954
29.2661	-28.9908	2.6606
30.4587	-25.9633	6.4220
28.2569	-23.3028	12.2936
28.2569	-23.3028	12.2936
28.2569	-23.3028	12.2936
20.1835	-13.3028	25.0459
17.8899	-8.5321	27.6147
17.8899	-8.5321	27.6147
17.8899	-8.5321	27.6147
17.8899	-8.5321	27.6147
7.4312	2.0183	32.5688
3.3028	3.3945	32.5688
3.3028	3.3945	32.5688
3.3028	3.3945	32.5688
3.3028	3.3945	32.5688
3.3028	3.3945	32.5688
-9.9083	3.6697	31.4679
-14.0367	3.2110	30.0917
-16.0550	2.2936	29.4495
-16.0550	2.2936	29.4495
-16.0550	2.2936	29.4495
-16.0550	2.2936	29.4495
-19.0826	-0.6422	27.7064
-20.7339	-1.6514	26.8807
-21.5596	-2.3853	25.9633
-21.5596	-2.3853	25.9633
-21.5596	-2.3853	25.9633
-21.5596	-2.3853	25.9633
-19.9083	-5.3211	26.6055
-19.9083	-5.3211	26.6055
-18.8073	-7.5229	26.2385
-18.8073	-7.5229	26.2385
-18.8073	-7.5229	26.2385
-18.8073	-7.5229	26.2385
-14.7706	-8.6239	27.7982
-13.7615	-8.7156	27.8899
-13.7615	-8.7156	27.8899
-13.7615	-8.7156	27.8899
-13.7615	-8.7156	27.8899
-13.7615	-8.7156	27.8899
-9.2661	-7.4312	30.0000
-6.9725	-6.4220	30.9174
-3.2110	-3.1193	31.8349
-3.2110	-3.1193	31.8349
-3.2110	-3.1193	31.8349
-3.2110	-3.1193	31.8349
1.1927	3.0275	32.7523
2.2018	4.5872	32.6605
2.2936	7.9817	32.3853
2.2936	7.9817	32.3853
2.2936	7.9817	32.3853
2.2936	7.9817	32.3853
-0.2752	15.5963	30.7339
-0.2752	15.5963	30.7339
-3.1193	16.8807	30.5505
-3.1193	16.8807	30.5505
-3.1193	16.8807	30.5505
-3.1193	16.8807	30.5505
-14.3119	16.7890	27.4312
-18.6239	14.6789	26.6055
-18.6239	14.6789	26.6055
-18.6239	14.6789	26.6055
-18.6239	14.6789	26.6055
-18.6239	14.6789	26.6055
-29.0826	8.6239	20.6422
-31.9266	5.6881	18.0734
-31.9266	5.6881	18.0734
-31.9266	5.6881	18.0734
-31.9266	5.6881	18.0734
-31.9266	5.6881	18.0734
-37.8899	-2.1101	7.7064
-38.8991	-5.8716	3.1193
-39.0826	-9.8165	-2.2018
-39.0826	-9.8165	-2.2018
-39.0826	-9.8165	-2.2018
-39.0826	-9.8165	-2.2018
-35.7798	-17.1560	-20.1835
-35.7798	-17.1560	-20.1835
-31.1009	-21.4679	-24.4954
-31.1009	-21.4679	-24.4954
-31.1009	-21.4679	-24.4954
-31.1009	-21.4679	-24.4954
-16.2385	-29.2661	-34.0367
-11.5596	-30.1835	-36.6055
-11.5596	-30.1835	-36.6055
-11.5596	-30.1835	-36.6055
-11.5596	-30.1835	-36.6055
-11.5596	-30.1835	-36.6055
4.3119	-30.3670	-41.1927
8.4404	-28.5321	-42.8440
8.4404	-28.5321	-42.8440
8.4404	-28.5321	-42.8440
8.4404	-28.5321	-42.8440
17.2477	-24.6789	-44.3119
17.2477	-24.6789	-44.3119
21.0092	-22.8440	-43.9450
21.0092	-22.8440	-43.9450
21.0092	-22.8440	-43.9450
21.0092	-22.8440	-43.9450
30.0917	-19.8165	-39.7248
33.3027	-15.6881	-40.0000
33.3027	-15.6881	-40.0000
33.3027	-15.6881	-40.0000
33.3027	-15.6881	-40.0000
33.3027	-15.6881	-40.0000
38.7156	-8.7156	-36.8807
40.7339	-5.8716	-35.0459
42.1101	-4.0367	-32.7523
42.1101	-4.0367	-32.7523
42.1101	-4.0367	-32.7523
45.3211	-0.1835	-25.5046
46.2385	1.4679	-21.1009
46.7890	1.7431	-14.7706
46.7890	1.7431	-14.7706
46.7890	1.7431	-14.7706
45.6881	-0.9174	-2.7523
43.0275	-3.2110	4.2202
43.0275	-3.2110	4.2202
43.0275	-3.2110	4.2202
43.0275	-3.2110	4.2202
43.0275	-3.2110	4.2202
32.7523	-10.1835	17.7982
28.1651	-10.9174	21.1927
22.9358	-12.0183	24.4037
22.9358	-12.0183	24.4037
22.9358	-12.0183	24.4037
22.9358	-12.0183	24.4037
10.0000	-13.7615	28.6239
5.3211	-13.4862	29.3578
1.2844	-14.0367	29.0826
1.2844	-14.0367	29.0826
1.2844	-14.0367	29.0826
1.2844	-14.0367	29.0826
-9.8165	-16.7890	26.1468
-9.8165	-16.7890	26.1468
-10.8257	-17.7064	24.9541
-10.8257	-17.7064	24.9541
-10.8257	-17.7064	24.9541
-10.8257	-17.7064	24.9541
-16.4220	-19.7248	21.2844
-18.9908	-21.2844	18.8073
-18.9908	-21.2844	18.8073
-18.9908	-21.2844	18.8073
-18.9908	-21.2844	18.8073
-23.3028	-23.0275	12.9358
-25.2294	-23.7615	9.6330
-26.4220	-25.0459	5.3211
-26.4220	-25.0459	5.3211
-26.4220	-25.0459	5.3211
-26.4220	-25.0459	5.3211
-29.4495	-26.0550	-8.5321
-29.4495	-26.0550	-8.5321
-29.5413	-26.1468	-12.5688
-29.5413	-26.1468	-12.5688
-29.5413	-26.1468	-12.5688
-29.5413	-26.1468	-12.5688
-28.6239	-24.7706	-24.4954
-29.2661	-23.0275	-26.6055
-29.2661	-23.0275	-26.6055
-29.2661	-23.0275	-26.6055
-29.2661	-23.0275	-26.6055
-29.2661	-23.0275	-26.6055
-28.1651	-22.2936	-29.4495
-29.5413	-21.4679	-28.7156
-29.5413	-21.4679	-28.7156
-29.5413	-21.4679	-28.7156
-29.5413	-21.4679	-28.7156
-31.3761	-21.0092	-25.0459
-31.3761	-21.0092	-25.0459
-32.9358	-19.8165	-23.6697
-32.9358	-19.8165	-23.6697
-32.9358	-19.8165	-23.6697
-32.9358	-19.8165	-23.6697
-40.0000	-5.9633	-19.9083
-40.0000	-5.9633	-19.9083
-40.0000	-5.9633	-19.9083
-40.0000	-5.9633	-19.9083
-40.0000	-5.9633	-19.9083
-39.3578	8.0734	-26.7890
-37.2477	9.5413	-30.8257
-34.6789	10.4587	-35.6881
-34.6789	10.4587	-35.6881
-34.6789	10.4587	-35.6881
-34.6789	10.4587	-35.6881
-27.4312	11.7431	-44.1284
-21.8349	10.2752	-48.8073
-16.4220	9.4495	-52.0183
-16.4220	9.4495	-52.0183
-16.4220	9.4495	-52.0183
-16.4220	9.4495	-52.0183
-0.3670	8.6239	-56.6055
-0.3670	8.6239	-56.6055
4.9541	10.4587	-56.3303
4.9541	10.4587	-56.3303
4.9541	10.4587	-56.3303
4.9541	10.4587	-56.3303
23.4862	16.0550	-49.2661
30.1835	17.5229	-43.9450
30.1835	17.5229	-43.9450
30.1835	17.5229	-43.9450
30.1835	17.5229	-43.9450
30.1835	17.5229	-43.9450
39.3578	22.2018	-26.6972
38.8073	26.0550	-19.1743
38.8073	26.0550	-19.1743
38.8073	26.0550	-19.1743
38.8073	26.0550	-19.1743
28.7156	35.5046	-3.3028
28.7156	35.5046	-3.3028
22.4771	38.1651	1.8349
22.4771	38.1651	1.8349
22.4771	38.1651	1.8349
22.4771	38.1651	1.8349
22.4771	38.1651	1.8349
3.5780	38.5321	12.8440
3.5780	38.5321	12.8440
3.5780	38.5321	12.8440
3.5780	38.5321	12.8440
3.5780	38.5321	12.8440
3.5780	38.5321	12.8440
0.9174	43.6697	2.3853
-2.6606	43.3945	3.8532
-2.6606	43.3945	3.8532
-2.6606	43.3945	3.8532
-2.6606	43.3945	3.8532
-2.6606	43.3945	3.8532
-17.2477	32.2018	15.2294
-20.4587	29.3578	17.1560
-20.4587	29.3578	17.1560
-20.4587	29.3578	17.1560
-20.4587	29.3578	17.1560
-20.4587	29.3578	17.1560
-15.2294	30.2752	18.8073
-12.2936	31.0092	19.6330
-12.2936	31.0092	19.6330
-12.2936	31.0092	19.6330
-12.2936	31.0092	19.6330
-12.2936	31.0092	19.6330
2.4771	43.3945	0.9174
8.1651	43.3945	0.9174
8.1651	43.3945	0.9174
8.1651	43.3945	0.9174
8.1651	43.3945	0.9174
8.1651	43.3945	0.9174
8.1651	43.3945	0.9174
8.1651	43.3945	0.9174
5.6881	27.1560	-49.1743
5.6881	27.1560	-49.1743
5.6881	27.1560	-49.1743
5.6881	27.1560	-49.1743
-0.0917	9.5413	-56.4220
-0.9174	4.2202	-56.7890
-0.9174	4.2202	-56.7890
-0.9174	4.2202	-56.7890
-0.9174	4.2202	-56.7890
-0.9174	4.2202	-56.7890
-4.8624	-20.2752	-49.3578
-4.8624	-20.2752	-49.3578
-4.8624	-20.2752	-49.3578
-4.8624	-20.2752	-49.3578
-4.8624	-20.2752	-49.3578
-4.8624	-20.2752	-49.3578
-4.8624	-20.2752	-49.3578
-4.8624	-20.2752	-49.3578
-4.8624	-20.2752	-49.3578
-4.8624	-20.2752	-49.3578
-4.8624	-20.2752	-49.3578
-4.8624	-20.2752	-49.3578
-3.3945	-29.4495	-41.3761
-3.3945	-29.4495	-41.3761
-3.3945	-29.4495	-41.3761
-3.3945	-29.4495	-41.3761
-3.3945	-29.4495	-41.3761
-3.3945	-29.4495	-41.3761
-3.3028	-32.9358	-36.1468
-3.3945	-34.7706	-33.4862
-3.3945	-34.7706	-33.4862
-3.3945	-34.7706	-33.4862
-3.3945	-34.7706	-33.4862
-3.3945	-34.7706	-33.4862
-4.1284	-35.8716	-30.8257
-4.1284	-35.8716	-30.8257
-4.1284	-35.8716	-30.8257
-4.1284	-35.8716	-30.8257
-4.1284	-35.8716	-30.8257
-4.1284	-35.8716	-30.8257
-3.3028	-33.7615	-35.4128
-3.6697	-33.4862	-35.2294
-4.7706	-33.3027	-35.3211
-4.7706	-33.3027	-35.3211
-4.7706	-33.3027	-35.3211
-4.7706	-33.3027	-35.3211
-3.3945	-35.9633	-30.8257
-3.3945	-35.9633	-30.8257
-3.3945	-35.9633	-30.8257
-3.3945	-35.9633	-30.8257
-3.3945	-35.9633	-30.8257
-3.3945	-35.9633	-30.8257
1.1009	-37.3394	-28.4404
1.1009	-37.3394	-28.4404
1.1009	-37.3394	-28.4404
1.1009	-37.3394	-28.4404
1.1009	-37.3394	-28.4404
1.1009	-37.3394	-28.4404
1.3761	-37.7064	-27.9817
0.8257	-37.8899	-26.6055
0.8257	-37.8899	-26.6055
0.8257	-37.8899	-26.6055
0.8257	-37.8899	-26.6055
0.8257	-37.8899	-26.6055
-4.2202	-38.8991	-21.0092
-5.4128	-38.8991	-18.7156
-5.4128	-38.8991	-18.7156
-5.4128	-38.8991	-18.7156
-5.4128	-38.8991	-18.7156
-5.4128	-38.8991	-18.7156
-9.3578	-38.2569	-15.7798
-11.5596	-37.7064	-16.3303
-11.5596	-37.7064	-16.3303
-11.5596	-37.7064	-16.3303
-11.5596	-37.7064	-16.3303
-11.5596	-37.7064	-16.3303
-16.0550	-34.3119	-23.7615
-16.0550	-34.3119	-23.7615
-16.0550	-34.3119	-23.7615
-16.0550	-34.3119	-23.7615
-16.0550	-34.3119	-23.7615
-16.0550	-34.3119	-23.7615
-23.3028	-24.6789	-33.9450
-24.4954	-21.7431	-36.1468
-24.4954	-21.7431	-36.1468
-24.4954	-21.7431	-36.1468
-24.4954	-21.7431	-36.1468
-24.4954	-21.7431	-36.1468
-26.2385	-16.3303	-38.8991
-26.2385	-16.3303	-38.8991
-26.2385	-16.3303	-38.8991
-26.2385	-16.3303	-38.8991
-26.2385	-16.3303	-38.8991
-28.1651	-13.2110	-38.9908
-28.1651	-13.2110	-38.9908
-28.8991	-12.4771	-38.6239
-28.8991	-12.4771	-38.6239
-28.8991	-12.4771	-38.6239
-28.8991	-12.4771	-38.6239
-28.8991	-12.4771	-38.6239
-30.6422	-8.8991	-38.2569
-30.6422	-8.8991	-38.2569
-30.6422	-8.8991	-38.2569
-30.6422	-8.8991	-38.2569
-30.6422	-8.8991	-38.2569
-30.6422	-8.8991	-38.2569
-32.4771	-5.3211	-38.0734
-32.2018	-4.7706	-38.3486
-32.2018	-4.7706	-38.3486
-32.2018	-4.7706	-38.3486
-32.2018	-4.7706	-38.3486
-32.2018	-4.7706	-38.3486
-35.0459	-0.1835	-35.4128
-35.0459	-0.1835	-35.4128
-35.0459	-0.1835	-35.4128
-35.0459	-0.1835	-35.4128
-35.0459	-0.1835	-35.4128
-35.0459	-0.1835	-35.4128
-40.5505	1.1009	-22.7523
-41.2844	0.6422	-20.8257
-41.7431	0.1835	-16.9725
-41.7431	0.1835	-16.9725
-41.7431	0.1835	-16.9725
-42.0183	-2.0183	-9.5413
-42.0183	-2.2018	-7.7064
-42.0183	-2.2018	-7.7064
-42.0183	-2.2018	-7.7064
-42.0183	-2.2018	-7.7064
-42.0183	-2.2018	-7.7064
-42.0183	-2.2018	-7.7064
-42.0183	-2.2018	-7.7064
-42.0183	-2.2018	-7.7064
-42.0183	-2.2018	-7.7064
-42.0183	-2.2018	-7.7064
-42.0183	-2.2018	-7.7064
-40.0000	-2.7523	2.4771
-39.7248	-2.9358	2.4771
-39.9083	-2.8440	2.6606
-39.9083	-2.8440	2.6606
-39.9083	-2.8440	2.6606
-39.9083	-2.8440	2.6606
-40.5505	1.2844	1.1009
-40.5505	1.2844	1.1009
-41.3761	2.8440	0.2752
-41.3761	2.8440	0.2752
-41.3761	2.8440	0.2752
-41.3761	2.8440	0.2752
-42.2018	2.9358	-4.6789
-42.2018	2.9358	-4.6789
-41.9266	1.2844	-5.5046
-41.9266	1.2844	-5.5046
-41.9266	1.2844	-5.5046
-41.9266	1.2844	-5.5046
-42.1101	-0.3670	-7.4312
-42.0183	-0.2752	-9.0826
-42.0183	-0.2752	-9.0826
-42.0183	-0.2752	-9.0826
-42.0183	-0.2752	-9.0826
-42.0183	-0.2752	-9.0826
-42.3853	0.2752	-12.0183
-42.1101	0.2752	-12.0183
-42.1101	0.2752	-12.0183
-42.1101	0.2752	-12.0183
-42.1101	0.2752	-12.0183
-42.1101	0.2752	-12.0183
-42.1101	0.2752	-12.8440
-42.4771	0.7339	-12.1101
-42.4771	0.7339	-12.1101
-42.4771	0.7339	-12.1101
-42.4771	0.7339	-12.1101
-42.4771	0.7339	-12.1101
-42.6605	3.3028	-7.4312
-42.6605	3.3028	-7.4312
-42.6605	3.3028	-7.4312
-42.6605	3.3028	-7.4312
-42.6605	3.3028	-7.4312
-42.6605	3.3028	-7.4312
-41.7431	4.1284	-3.5780
-42.0183	4.2202	-3.7615
-42.0183	4.2202	-3.7615
-42.0183	4.2202	-3.7615
-42.0183	4.2202	-3.7615
-42.0183	4.2202	-3.7615
-42.4771	3.7615	-6.6972
-42.2936	3.2110	-9.7248
-42.2936	3.2110	-9.7248
-42.2936	3.2110	-9.7248
-42.2936	3.2110	-9.7248
-42.2936	3.2110	-9.7248
-41.1927	3.4862	-21.4679
-40.5505	3.8532	-23.6697
-40.1835	3.6697	-25.0459
-40.1835	3.6697	-25.0459
-40.1835	3.6697	-25.0459
-40.1835	3.6697	-25.0459
-40.5505	5.0459	-24.2202
-40.5505	5.0459	-24.2202
-40.5505	5.0459	-24.2202
-40.5505	5.0459	-24.2202
-40.5505	5.0459	-24.2202
-40.5505	5.0459	-24.2202
-40.5505	5.0459	-24.2202
-42.0183	1.8349	-16.6972
-42.0183	1.8349	-16.6972
-42.0183	1.8349	-16.6972
-42.0183	1.8349	-16.6972
-42.2018	2.5688	-13.1193
-42.2936	2.4771	-13.5780
-42.2936	2.4771	-13.5780
-42.2936	2.4771	-13.5780
-42.2936	2.4771	-13.5780
-42.2936	2.4771	-13.5780
-42.1101	2.2018	-14.7706
-42.4771	2.0183	-14.8624
-42.4771	2.0183	-14.8624
-42.4771	2.0183	-14.8624
-42.4771	2.0183	-14.8624
-42.4771	2.0183	-14.8624
-42.2936	1.4679	-15.5963
-42.1101	1.4679	-15.9633
-42.2018	1.2844	-16.1468
-42.2018	1.2844	-16.1468
-42.2018	1.2844	-16.1468
-42.2018	1.2844	-16.1468
-41.8349	1.1927	-16.1468
-41.8349	1.1927	-16.1468
-41.8349	1.1927	-16.1468
-41.8349	1.1927	-16.1468
-41.8349	1.1927	-16.1468
-41.8349	1.1927	-16.1468
-41.9266	0.9174	-17.0642
-42.0183	1.1009	-17.1560
-42.0183	1.1009	-17.1560
-42.0183	1.1009	-17.1560
-42.0183	1.1009	-17.1560
-42.0183	1.1009	-17.1560
-41.8349	1.2844	-16.7890
-41.8349	1.2844	-16.7890
-41.8349	1.2844	-16.7890
-41.8349	1.2844	-16.7890
-41.8349	1.2844	-16.7890
-41.8349	1.2844	-16.7890
-42.0183	0.6422	-17.3395
-41.8349	0.6422	-17.4312
-41.8349	0.6422	-17.4312
-41.8349	0.6422	-17.4312
-41.8349	0.6422	-17.4312
-41.8349	0.6422	-17.4312
-41.7431	0.2752	-17.9817
-41.7431	0.2752	-17.9817
-41.7431	0.2752	-17.9817
-41.7431	0.2752	-17.9817
-41.7431	0.2752	-17.9817
-41.7431	0.2752	-17.9817
-41.6514	0.2752	-17.9817
-41.6514	0.0000	-18.3486
-41.6514	0.0000	-18.3486
-41.6514	0.0000	-18.3486
-41.6514	0.0000	-18.3486
-41.6514	0.0000	-18.3486
-41.6514	-1.3761	-18.4404
-41.3761	-2.0183	-17.7982
-41.3761	-2.0183	-17.7982
-41.3761	-2.0183	-17.7982
-41.3761	-2.0183	-17.7982
-41.3761	-2.0183	-17.7982
-41.2844	-2.9358	-16.8807
-41.3761	-3.0275	-16.5138
-41.3761	-3.0275	-16.5138
-41.3761	-3.0275	-16.5138
-41.3761	-3.0275	-16.5138
-41.3761	-3.0275	-16.5138
-41.5596	-3.8532	-15.5963
-41.4679	-3.7615	-15.5963
-41.4679	-3.7615	-15.5963
-41.4679	-3.7615	-15.5963
-41.4679	-3.7615	-15.5963
-41.4679	-3.7615	-15.5963
-41.2844	-3.7615	-15.2294
-41.2844	-3.7615	-15.2294
-41.2844	-3.7615	-15.2294
-41.2844	-3.7615	-15.2294
-41.2844	-3.7615	-15.2294
-41.2844	-3.7615	-15.2294
-41.6514	-3.3028	-15.3211
-41.5596	-3.5780	-15.5046
-41.5596	-3.5780	-15.5046
-41.5596	-3.5780	-15.5046
-41.5596	-3.5780	-15.5046
-41.5596	-3.5780	-15.5046
-41.6514	-3.5780	-15.8716
-41.6514	-3.5780	-15.8716
-41.6514	-3.5780	-15.8716
